0 0.668078125 0.1386875 0.03543749999999992 0.127375
0 0.45506250000000004 0.06189583333333334 0.04690624999999997 0.08095833333333333
0 0.43274999999999997 0.1595208333333333 0.14514062499999997 0.06189583333333335
0 0.42715625 0.2699375 0.049125000000000085 0.07439583333333331
0 0.515796875 0.3970208333333333 0.061234375000000084 0.07262500000000002
0 0.33471875 0.48512500000000003 0.06959375000000004 0.08214583333333335
0 0.132203125 0.6979166666666666 0.12082812500000002 0.18987499999999996
0 0.23199999999999998 0.7345208333333333 0.04273437500000003 0.1642916666666667
0 0.348109375 0.7636875 0.07854687499999997 0.09166666666666666
0 0.438546875 0.8357083333333333 0.09423437500000005 0.05714583333333323
0 0.43653125 0.6985208333333334 0.07681249999999995 0.05060416666666659
0 0.517578125 0.5633958333333333 0.046937499999999945 0.1017916666666667
0 0.506875 0.6642916666666667 0.061234375000000084 0.07143749999999992
0 0.577640625 0.6008958333333333 0.03760937500000008 0.1410625
0 0.6450781250000001 0.6776875 0.05640625000000003 0.11606250000000008
0 0.76209375 0.8127916666666667 0.07612500000000004 0.16012500000000002
0 0.833546875 0.764875 0.076171875 0.09404166666666663
0 0.84871875 0.872625 0.07082812499999988 0.12143749999999992
0 0.9195 0.7702291666666666 0.047203125000000054 0.09285416666666677
0 0.968625 0.9074375 0.05617187500000007 0.14702083333333343
0 0.89784375 0.6035625 0.0797968749999999 0.09285416666666677
0 0.974734375 0.5743958333333333 0.050531249999999875 0.07022916666666675
0 0.741109375 0.5127916666666666 0.09665625000000003 0.08393749999999998
0 0.754046875 0.29791666666666666 0.06004687499999992 0.07083333333333333
0 0.777484375 0.22291666666666668 0.03103125000000002 0.0875
0 0.829953125 0.3330416666666667 0.03329687499999991 0.05772916666666662
0 0.8538593750000001 0.2589375 0.031984375000000044 0.08214583333333332
0 0.8129843749999999 0.2506041666666667 0.03507812500000007 0.11310416666666664
0 0.8502812499999999 0.141375 0.0426874999999999 0.07916666666666666
0 0.812328125 0.0723125 0.08285937499999996 0.060125