0 0.51834375 0.13833333333333334 0.05973437500000003 0.16464583333333332
0 0.41489062499999996 0.39464583333333336 0.10282812499999996 0.05227083333333328
0 0.199125 0.46179166666666666 0.09837499999999999 0.047666666666666656
0 0.037171875 0.457625 0.069609375 0.048604166666666636
0 0.1203125 0.4506875 0.100484375 0.043958333333333384
0 0.341984375 0.38052083333333336 0.040359374999999975 0.06568750000000007
0 0.29476562500000003 0.3295833333333333 0.04314062500000002 0.07491666666666662
0 0.246 0.33979166666666666 0.04628125000000001 0.16939583333333333
0 0.359 0.12558333333333332 0.03965624999999999 0.07895833333333334
0 0.29303124999999997 0.05241666666666666 0.07439062500000002 0.09929166666666665
0 0.366109375 0.029500000000000002 0.05042187499999997 0.04879166666666667
0 0.396140625 0.051270833333333335 0.05145312500000001 0.0645625
0 0.812921875 0.08416666666666667 0.04818749999999996 0.1683125
0 0.9148125 0.06770833333333333 0.052671875000000055 0.13541666666666666
0 0.8139531249999999 0.3453333333333333 0.057218749999999916 0.06937500000000002
0 0.692109375 0.4365625 0.07045312500000005 0.057395833333333354
0 0.613296875 0.6169375 0.05867187499999993 0.07091666666666659
0 0.69140625 0.6567708333333333 0.06906250000000007 0.07650000000000005
0 0.8813124999999999 0.457875 0.03914062499999993 0.1
0 0.835140625 0.7095625 0.06484375 0.08950000000000008
0 0.9094218749999999 0.7605000000000001 0.0606562499999999 0.08027083333333328
0 0.687421875 0.8522083333333333 0.04371875000000003 0.09700000000000013
0 0.73325 0.92375 0.024265624999999957 0.10585416666666655
0 0.761015625 0.9054583333333334 0.024249999999999973 0.12018750000000011
0 0.49353125000000003 0.7827500000000001 0.04829687499999995 0.12474999999999999
0 0.35726562500000003 0.9684375000000001 0.02923437499999997 0.060958333333333316
0 0.07015624999999999 0.9587083333333334 0.08696874999999998 0.06929166666666665
0 0.043937500000000004 0.8746666666666666 0.086625 0.0632083333333334
0 0.018609375 0.6090833333333333 0.02899999999999999 0.10147916666666675
0 0.047093750000000004 0.5074166666666666 0.09418750000000001 0.04168749999999998