0 0.81078125 0.6166666666666667 0.14671875000000006 0.07143749999999992
0 0.8042812500000001 0.5383958333333333 0.04892187499999991 0.051791666666666694
0 0.9096718750000001 0.7375 0.06328125 0.1345208333333332
0 0.61471875 0.8116041666666667 0.08496875 0.11012500000000003
0 0.509328125 0.7598125 0.052749999999999984 0.08987499999999997
0 0.409078125 0.9571458333333334 0.07098437499999996 0.0857083333333333
0 0.25053125 0.7577291666666667 0.06642187499999999 0.175
0 0.19426562500000003 0.6026875 0.06103125000000002 0.10893749999999992
0 0.044437500000000005 0.564875 0.060484375 0.0511875000000001
0 0.0296875 0.7385416666666667 0.059375 0.06875
0 0.26171875 0.4613125 0.15128124999999998 0.10595833333333336
0 0.49771875000000004 0.15477083333333336 0.11882812499999992 0.05237500000000002
0 0.7283906250000001 0.222625 0.2364218750000001 0.0690416666666667
0 0.90365625 0.47439583333333335 0.1360624999999999 0.0607083333333333
0 0.721234375 0.04077083333333333 0.1328125 0.08035416666666668
0 0.5039687500000001 0.06310416666666667 0.11346875000000001 0.08333333333333333
0 0.36062500000000003 0.0714375 0.06782812499999995 0.052375
0 0.286703125 0.10685416666666667 0.05840624999999999 0.10535416666666668
0 0.08665625 0.04077083333333333 0.12257812500000001 0.05654166666666667
0 0.0841875 0.10804166666666666 0.059609374999999985 0.060124999999999984