0 0.8591093750000001 0.5009374999999999 0.06346874999999982 0.13245833333333337
0 0.9231562500000001 0.690125 0.046453125000000026 0.08764583333333344
0 0.9467656249999999 0.79825 0.038109375000000154 0.0677916666666666
0 0.97578125 0.75625 0.0484375 0.0875
0 0.9103125000000001 0.950375 0.06935937500000015 0.07112499999999997
0 0.83115625 0.9260625 0.07771875000000002 0.06416666666666657
0 0.731171875 0.953 0.08607812500000005 0.07174999999999988
0 0.6542656250000001 0.676 0.039921874999999926 0.08254166666666668
0 0.679265625 0.5961041666666667 0.048249999999999994 0.07554166666666665
0 0.641078125 0.5859166666666666 0.041312500000000085 0.11072916666666661
0 0.6030625 0.5595208333333334 0.045140624999999976 0.0857083333333333
0 0.5655625 0.6377916666666666 0.067375 0.08483333333333339
0 0.394578125 0.9446666666666667 0.04831250000000002 0.11064583333333336
0 0.33625 0.9269999999999999 0.056656249999999984 0.12160416666666668
0 0.33034375 0.7512500000000001 0.06568750000000004 0.08027083333333328
0 0.24320312500000002 0.6206458333333333 0.06501562500000002 0.07833333333333338
0 0.48987499999999995 0.4678333333333333 0.041000000000000016 0.12456250000000005
0 0.629265625 0.40691666666666665 0.06770312500000006 0.06847916666666667
0 0.680125 0.4715416666666667 0.04651562499999997 0.09491666666666668
0 0.855109375 0.2652083333333334 0.06312500000000014 0.0665416666666667
0 0.92471875 0.22052083333333333 0.07387499999999995 0.07439583333333336
0 0.98359375 0.19166666666666668 0.0328125 0.05416666666666667
0 0.717453125 0.14852083333333335 0.06906250000000007 0.07387500000000001
0 0.24893749999999998 0.49885416666666665 0.14243749999999997 0.05881250000000004
0 0.27046875 0.3960416666666667 0.03271875 0.08283333333333331
0 0.3525625 0.3138333333333333 0.08234374999999998 0.04341666666666662
0 0.381203125 0.25225 0.14448437499999994 0.04431250000000002
0 0.266640625 0.2675416666666666 0.07368750000000004 0.09895833333333333
0 0.15537499999999999 0.28397916666666667 0.09073437499999999 0.06239583333333331
0 0.23521874999999998 0.14272916666666668 0.05599999999999996 0.04841666666666667
0 0.32028124999999996 0.08970833333333333 0.03860937499999997 0.058104166666666665
0 0.20987499999999998 0.040375 0.06781249999999998 0.07520833333333334
0 0.402921875 0.015041666666666667 0.10167187499999994 0.030083333333333333
0 0.1498125 0.8385416666666666 0.037968750000000016 0.08356250000000003
0 0.565390625 0.868875 0.084375 0.07479166666666662