0 0.190921875 0.1875 0.06771875000000002 0.058333333333333334
0 0.176625 0.321125 0.03556249999999998 0.10535416666666665
0 0.1469375 0.6452291666666666 0.12709375 0.08095833333333337
0 0.24093749999999997 0.8386875 0.11420312500000003 0.075
0 0.46154687499999997 0.9 0.07325 0.06666666666666667
0 0.5140156250000001 0.8276875 0.057656249999999964 0.08272916666666674
0 0.398796875 0.5511874999999999 0.0415 0.10714583333333329
0 0.36553125 0.4267916666666667 0.06873437500000001 0.0607083333333333
0 0.25410937499999997 0.4169583333333333 0.09143749999999998 0.04702083333333332
0 0.467796875 0.5446458333333334 0.06790625000000006 0.1297708333333333
0 0.591265625 0.23810416666666664 0.04253125000000004 0.12381249999999998
0 0.70871875 0.3502916666666666 0.03634374999999999 0.08035416666666666
0 0.741984375 0.3761875 0.044859375000000055 0.09047916666666668
0 0.897859375 0.616375 0.18696875000000013 0.09106250000000007
0 0.8366718750000001 0.9026875000000001 0.12709374999999995 0.06606250000000008
0 0.8578125 0.9729166666666667 0.1 0.05416666666666667
0 0.8114375 0.17470833333333333 0.116796875 0.07439583333333336
0 0.134640625 0.3154791666666667 0.026593750000000017 0.06429166666666669