0 0.6140625 0.1779791666666667 0.150609375 0.06310416666666666
0 0.7026875 0.2386875 0.055546874999999926 0.041666666666666664
0 0.715859375 0.3297708333333333 0.06851562500000004 0.06904166666666664
0 0.575203125 0.3827291666666667 0.09967187499999994 0.04404166666666664
0 0.581234375 0.42945833333333333 0.08048437499999998 0.03631250000000001
0 0.592609375 0.472625 0.08985937499999999 0.045229166666666626
0 0.746234375 0.8116041666666667 0.09353125000000002 0.11012500000000003
0 0.820359375 0.8172708333333334 0.04535937499999996 0.12737499999999996
0 0.60690625 0.7383958333333334 0.06485937499999998 0.18987499999999996
0 0.5638124999999999 0.8220208333333333 0.07242187500000004 0.06547916666666656
0 0.50909375 0.7502916666666667 0.021031250000000057 0.09464583333333323
0 0.552640625 0.7565416666666667 0.04115625000000005 0.07737499999999997
0 0.548625 0.6404791666666667 0.02418750000000003 0.09522916666666674
0 0.567828125 0.577375 0.035812499999999935 0.04047916666666656
0 0.49615625 0.5666666666666667 0.07551562500000006 0.04285416666666677
0 0.449703125 0.5375 0.05404687500000005 0.04404166666666664
0 0.306140625 0.6830416666666667 0.066015625 0.04345833333333336
0 0.288046875 0.8756041666666667 0.070015625 0.07737499999999997
0 0.34164062500000003 0.9375 0.08790624999999999 0.058333333333333334
0 0.23671875 0.9697916666666667 0.0546875 0.06041666666666667
0 0.1796875 0.9833333333333333 0.034375 0.03333333333333333
0 0.11640625 0.9489583333333333 0.0546875 0.10208333333333333
0 0.016796875 0.9571458333333334 0.03357812499999999 0.06189583333333341
0 0.061640625000000004 0.778875 0.07254687500000001 0.056541666666666636
0 0.041984375000000004 0.6705416666666667 0.033234375000000003 0.07797916666666656
0 0.31796875 0.3607083333333333 0.10307812500000005 0.10714583333333334
0 0.138890625 0.3407708333333333 0.07528125000000001 0.06131250000000001
0 0.07279687500000001 0.20685416666666667 0.08239062499999998 0.06727083333333332
0 0.254546875 0.14106249999999998 0.02979687499999999 0.08452083333333332
0 0.305015625 0.12945833333333334 0.046812499999999965 0.10297916666666668
0 0.23289062500000002 0.05297916666666667 0.06239062500000001 0.05118750000000001
0 0.1469375 0.035708333333333335 0.05564062499999998 0.052375
0 0.9105624999999999 0.3202291666666667 0.0686406250000001 0.09762500000000003