0 0.256109375 0.07022916666666666 0.03739062500000001 0.12143750000000002
0 0.2554375 0.18333333333333332 0.031593749999999955 0.10952083333333332
0 0.42357812499999997 0.03214583333333333 0.024109374999999923 0.06429166666666666
0 0.42737499999999995 0.13035416666666666 0.04509375000000002 0.11070833333333334
0 0.0788125 0.027083333333333334 0.05828125000000001 0.05416666666666667
0 0.019875 0.24852083333333339 0.038140625 0.07916666666666669
0 0.058515625 0.30535416666666665 0.05735937500000001 0.07977083333333335
0 0.05046874999999999 0.5806458333333333 0.094875 0.07679166666666669
0 0.212796875 0.6770833333333334 0.06684374999999998 0.07916666666666666
0 0.34721875 0.8243958333333333 0.09460937500000002 0.09404166666666663
0 0.33606250000000004 0.727375 0.06334375000000003 0.054770833333333255
0 0.419109375 0.35654166666666665 0.03303124999999998 0.0868958333333333
0 0.47024999999999995 0.3458333333333333 0.07728125000000005 0.11310416666666671
0 0.5801093749999999 0.3232083333333333 0.04251562500000006 0.09166666666666666
0 0.907015625 0.3375 0.16062499999999993 0.12022916666666662
0 0.846265625 0.47291666666666665 0.07484375000000014 0.11131250000000001
0 0.90096875 0.5830416666666667 0.03692187500000017 0.08154166666666664
0 0.8987343750000001 0.671125 0.05210937499999986 0.08631249999999989
0 0.9505000000000001 0.8809583333333334 0.09898437499999986 0.06189583333333341
0 0.852078125 0.8556458333333333 0.06681249999999998 0.04106250000000008
0 0.820359375 0.8854166666666666 0.05874999999999995 0.04345833333333336
0 0.822390625 0.928875 0.12976562499999994 0.047020833333333435