0 0.823265625 0.0988125 0.04670312500000007 0.10714583333333332
0 0.859375 0.01875 0.0625 0.0375
0 0.88109375 0.1285625 0.04182812499999997 0.07143750000000001
0 0.920625 0.2529791666666667 0.059250000000000115 0.14643750000000005
0 0.83109375 0.3229166666666667 0.10251562499999993 0.0732083333333333
0 0.771015625 0.22143749999999998 0.033265624999999945 0.09047916666666665
0 0.840234375 0.20952083333333332 0.0627812500000001 0.04285416666666665
0 0.829078125 0.24852083333333336 0.06723437499999996 0.0315416666666667
0 0.946828125 0.6699375 0.10632812499999993 0.0886875000000001
0 0.93403125 0.7595208333333333 0.12535937500000002 0.07143749999999992
0 0.7256875 0.6863125 0.034578124999999994 0.07977083333333326
0 0.74890625 0.7321458333333334 0.0453125 0.06429166666666669
0 0.645984375 0.591375 0.09392187500000002 0.0982083333333333
0 0.5435 0.6467291666666667 0.11662499999999998 0.05416666666666667
0 0.53321875 0.7131041666666668 0.06928125000000004 0.05
0 0.559578125 0.46935416666666663 0.11306250000000002 0.056541666666666636
0 0.529203125 0.5026875 0.10590624999999995 0.051791666666666694
0 0.48743749999999997 0.4080416666666667 0.071484375 0.08868749999999999
0 0.41934375 0.522625 0.06475000000000004 0.06904166666666664
0 0.35034375 0.5428541666666666 0.056218750000000026 0.06666666666666667
0 0.39365625 0.6571458333333333 0.044624999999999956 0.10477083333333326
0 0.26125 0.5190416666666666 0.07000000000000002 0.13810416666666664
0 0.306359375 0.6410625 0.04412500000000001 0.08452083333333343
0 0.228203125 0.7497083333333333 0.03960937500000004 0.08154166666666664
0 0.24339062500000003 0.8458333333333333 0.05212500000000002 0.11310416666666659
0 0.15787500000000002 0.6252916666666667 0.05518749999999999 0.13035416666666677
0 0.06498437500000001 0.7776875000000001 0.04798437500000001 0.1256041666666666
0 0.05828124999999999 0.8967291666666667 0.047093750000000004 0.1017916666666667
0 0.027921874999999995 0.6708333333333333 0.05421875 0.0488124999999999
0 0.025 0.6322916666666667 0.05 0.03958333333333333
0 0.046453125 0.5479166666666667 0.042171875000000004 0.04702083333333338
0 0.103171875 0.5178541666666666 0.05739062499999999 0.04047916666666662
0 0.1960625 0.2714375 0.11818750000000003 0.07143750000000001
0 0.15965625 0.14106249999999998 0.05876562500000002 0.10833333333333334
0 0.50865625 0.14345833333333333 0.06479687500000005 0.06547916666666669
0 0.5959531250000001 0.2568541666666667 0.04743750000000002 0.09583333333333337