0 0.6651875 0.28810416666666666 0.10554687499999993 0.05714583333333335
0 0.6674218749999999 0.2011875 0.08321874999999998 0.07381250000000002
0 0.879328125 0.3235208333333333 0.19901562499999992 0.08631250000000001
0 0.87796875 0.1136875 0.044500000000000026 0.053562499999999985
0 0.8706093750000001 0.17202083333333332 0.08781250000000007 0.05118749999999998
0 0.449703125 0.23602083333333335 0.05404687500000005 0.06606250000000001
0 0.36396875 0.1345208333333333 0.06114062499999999 0.08333333333333333
0 0.26640625 0.20595833333333333 0.12046875000000004 0.05952083333333332
0 0.24071875 0.05714583333333333 0.11821874999999997 0.07143750000000001
0 0.1290625 0.1011875 0.055624999999999994 0.04047916666666665
0 0.120359375 0.23035416666666667 0.051593750000000015 0.14404166666666665
0 0.070125 0.14702083333333332 0.06273437499999998 0.048812500000000016
0 0.442796875 0.5988125 0.14290625 0.08333333333333333
0 0.978453125 0.6363125000000001 0.04009375000000013 0.075
0 0.9545625 0.7083333333333334 0.07714062499999982 0.06429166666666669
0 0.8116562500000001 0.9011875 0.05918750000000008 0.09285416666666677