0 0.069109375 0.10939583333333333 0.05015625000000001 0.11137499999999999
0 0.26040625 0.40877083333333336 0.06468749999999997 0.057375000000000044
0 0.33209374999999997 0.16010416666666666 0.05181250000000004 0.12483333333333335
0 0.39196875000000003 0.0334375 0.08478124999999999 0.066875
0 0.6441874999999999 0.147125 0.07184375000000003 0.1359375
0 0.69696875 0.2825833333333333 0.03849999999999998 0.1059166666666667
0 0.76153125 0.20547916666666666 0.07042187500000008 0.06743750000000001
0 0.8438125 0.17052083333333332 0.03359375 0.0669583333333333
0 0.8032031249999999 0.09895833333333333 0.042640624999999946 0.076625
0 0.7620625000000001 0.03158333333333333 0.04715624999999992 0.06316666666666666
0 0.698359375 0.03760416666666667 0.041281249999999936 0.06964583333333334
0 0.933734375 0.2170625 0.08148437500000014 0.08133333333333331
0 0.8438125 0.26683333333333337 0.03359375 0.0558958333333333
0 0.84884375 0.3326041666666667 0.02631249999999987 0.057791666666666686
0 0.774203125 0.31777083333333334 0.06451562499999994 0.06518750000000004
0 0.833046875 0.3816875 0.060687499999999873 0.10041666666666664
0 0.8071875000000001 0.4157291666666667 0.05409374999999992 0.08052083333333329
0 0.80684375 0.5187708333333333 0.046453125000000026 0.07827083333333337
0 0.78896875 0.6276041666666666 0.03499999999999996 0.12002083333333337
0 0.851796875 0.7493958333333333 0.11206250000000004 0.13214583333333324
0 0.773859375 0.7950208333333334 0.054109375000000084 0.08910416666666662
0 0.39959375 0.5305833333333333 0.05798437500000002 0.06947916666666672
0 0.469640625 0.4701458333333333 0.07776562499999998 0.08287500000000006
0 0.032125 0.7251041666666667 0.042953125 0.12516666666666676
0 0.14653125 0.8151666666666666 0.03759375 0.11550000000000012
0 0.100953125 0.893875 0.061984374999999994 0.08777083333333333
0 0.194734375 0.9341666666666666 0.03590625000000001 0.08502083333333323
0 0.222453125 0.8637916666666666 0.04337499999999998 0.11089583333333337
0 0.5445625 0.4448958333333334 0.05660937500000003 0.05554166666666672
0 0.6374375 0.48635416666666664 0.023609375000000023 0.14308333333333328
0 0.66746875 0.49006249999999996 0.03853124999999995 0.11345833333333329
0 0.6698906250000001 0.6238958333333334 0.03643750000000008 0.1311250000000001
0 0.6068749999999999 0.5956458333333334 0.04582812500000007 0.08387499999999998
0 0.414546875 0.7621458333333333 0.07782812500000005 0.14372916666666669
0 0.218734375 0.7188333333333333 0.03343749999999997 0.0895208333333334
0 0.462796875 0.9481458333333334 0.042390624999999994 0.10370833333333328
0 0.498046875 0.7660625 0.03301562499999999 0.09139583333333334
0 0.626140625 0.7477708333333334 0.1239374999999999 0.050166666666666755
0 0.6497499999999999 0.828125 0.023953125000000065 0.10439583333333337
0 0.586390625 0.8237083333333334 0.08125 0.06504166666666672
0 0.66971875 0.8938958333333333 0.03401562499999997 0.16185416666666655
0 0.624765625 0.9529375000000001 0.02951562499999998 0.0808541666666668
0 0.7122499999999999 0.8971250000000001 0.023937500000000077 0.06645833333333329
0 0.76415625 0.9401875000000001 0.04787499999999998 0.05075000000000003
0 0.745234375 0.8383125 0.041281249999999936 0.06920833333333339
0 0.8082499999999999 0.8975833333333333 0.045781249999999926 0.07664583333333326
0 0.87525 0.9724583333333333 0.08951562499999995 0.05508333333333345
0 0.322890625 0.3335208333333333 0.06118750000000004 0.09668750000000005
0 0.125 0.43679166666666663 0.04040625000000002 0.0902708333333333
0 0.17325 0.6572291666666668 0.07440625000000001 0.04964583333333342