0 0.0881875 0.10822916666666667 0.03624999999999999 0.07664583333333332
0 0.126734375 0.10383333333333335 0.03692187499999999 0.11877083333333331
0 0.20189062500000002 0.21056249999999999 0.08656249999999999 0.04983333333333337
0 0.10225 0.44675 0.130328125 0.05925
0 0.188875 0.6532916666666666 0.12648437499999998 0.08345833333333345
0 0.42253125 0.7172083333333333 0.07295312499999995 0.10016666666666675
0 0.48657812500000003 0.654 0.05870312500000008 0.08947916666666676
0 0.6245937500000001 0.9522291666666667 0.03264062499999998 0.056312499999999946
0 0.66346875 0.9154166666666667 0.040953125000000055 0.05212499999999996
0 0.7144999999999999 0.9670416666666667 0.09440624999999994 0.048916666666666705
0 0.836890625 0.9547708333333333 0.07181250000000006 0.04752083333333322
0 0.840359375 0.8422499999999999 0.1065312500000001 0.05393749999999997
0 0.8450468750000001 0.7857500000000001 0.09159374999999992 0.0520416666666667
0 0.80996875 0.7199791666666666 0.11174999999999997 0.06866666666666674
0 0.877328125 0.41410416666666666 0.20476562499999992 0.09118749999999996
0 0.97578125 0.5010416666666667 0.0484375 0.052083333333333336
0 0.682734375 0.14110416666666667 0.04129687499999992 0.09610416666666666
0 0.7209218749999999 0.16333333333333336 0.03434375000000003 0.10352083333333333
0 0.56365625 0.051041666666666666 0.046187499999999916 0.10206250000000001
0 0.359859375 0.3483541666666667 0.03443750000000003 0.1078125
0 0.32409374999999996 0.2233125 0.06707812500000002 0.06141666666666665
0 0.43484375000000003 0.34510416666666666 0.07607812499999995 0.13285416666666663