0 0.43698437500000004 0.9113125 0.08664062500000003 0.1488124999999999
0 0.30121875 0.7613125000000001 0.047250000000000014 0.11070833333333331
0 0.363515625 0.8017916666666667 0.05131249999999996 0.09643749999999993
0 0.305015625 0.8747083333333333 0.06823437500000003 0.06964583333333323
0 0.23246875 0.8993958333333333 0.08112500000000003 0.06310416666666659
0 0.0875 0.959375 0.0625 0.08125
0 0.120359375 0.6497083333333333 0.051593750000000015 0.09583333333333334
0 0.309703125 0.5761875 0.05529687499999998 0.0857083333333333
0 0.22553125000000002 0.43214583333333334 0.06996875000000002 0.10714583333333334
0 0.23581249999999998 0.3011875 0.13518749999999996 0.05477083333333337
0 0.27331249999999996 0.18810416666666668 0.04946875000000004 0.09522916666666668
0 0.16390625 0.04583333333333333 0.09673437500000001 0.075
0 0.373796875 0.09522916666666667 0.09151562499999999 0.052375
0 0.399703125 0.049708333333333334 0.132609375 0.0625
0 0.27821875 0.047625 0.06821874999999995 0.09522916666666668
0 0.49839062500000003 0.2901875 0.05318749999999994 0.1386875
0 0.656921875 0.246125 0.09348437500000006 0.07439583333333336
0 0.60625 0.028125 0.071875 0.05625
0 0.9018593750000001 0.1276875 0.07175000000000012 0.07320833333333333
0 0.970265625 0.08422916666666666 0.059453124999999926 0.08393750000000001
0 0.896734375 0.38064583333333335 0.06415624999999991 0.1529791666666667
0 0.95521875 0.5916666666666667 0.04723437500000003 0.11666666666666667
0 0.967953125 0.7044583333333333 0.03964062499999983 0.08631249999999989
0 0.91034375 0.8604166666666667 0.08337499999999984 0.08393749999999993
0 0.8284062499999999 0.8428541666666667 0.079296875 0.07143749999999992
0 0.722125 0.8553541666666666 0.08101562500000004 0.10833333333333334
0 0.703359375 0.31727083333333334 0.04348437500000006 0.07977083333333337
0 0.612703125 0.4071458333333334 0.049687499999999926 0.10477083333333338
0 0.574078125 0.48393749999999996 0.08760937500000007 0.10356249999999996
0 0.65334375 0.4354166666666667 0.04703125000000004 0.13393750000000004
0 0.691296875 0.4565416666666666 0.04615624999999994 0.09643750000000004
0 0.656015625 0.541375 0.045250000000000054 0.10297916666666662