0 0.624765625 0.7243958333333332 0.06487499999999997 0.0607083333333333
0 0.5979687499999999 0.866375 0.04342187499999994 0.10060416666666659
0 0.55175 0.8508958333333333 0.03937500000000007 0.06964583333333323
0 0.6658593749999999 0.975 0.09348437500000006 0.05
0 0.261265625 0.9011875 0.08785937500000003 0.06904166666666664
0 0.16434375 0.9407708333333333 0.06368749999999998 0.047020833333333435
0 0.17328125 0.622625 0.06368749999999998 0.1404791666666668
0 0.06476562500000001 0.6574375 0.06987499999999999 0.0756041666666666
0 0.847609375 0.3458333333333333 0.07306249999999999 0.18452083333333333
0 0.97109375 0.30520833333333336 0.0578125 0.13958333333333334
0 0.34721875 0.20952083333333332 0.058890624999999995 0.06666666666666667
0 0.317515625 0.2595208333333333 0.05753124999999999 0.04762500000000003
0 0.29943749999999997 0.325 0.061531249999999996 0.08333333333333333
0 0.46714062500000003 0.1214375 0.11568749999999994 0.10477083333333334
0 0.45149999999999996 0.044645833333333336 0.12906250000000002 0.08214583333333332
0 0.01590625 0.049708333333333334 0.031796875 0.08631250000000001