0 0.667640625 0.7431458333333333 0.061328125 0.056541666666666636
0 0.65334375 0.8214375 0.05060937499999998 0.05237499999999997
0 0.60421875 0.8764791666666666 0.07735937499999998 0.061312499999999895
0 0.36843750000000003 0.7065416666666666 0.12365624999999998 0.0488124999999999
0 0.32825000000000004 0.6514791666666666 0.11470312500000004 0.03987499999999997
0 0.29696875 0.6029791666666667 0.034296874999999984 0.05595833333333336
0 0.249640625 0.5860208333333333 0.06462500000000002 0.051791666666666694
0 0.19159375 0.5205416666666667 0.055656250000000004 0.03987499999999997
0 0.16568750000000002 0.5666666666666667 0.05743749999999999 0.04285416666666677
0 0.08842187500000001 0.633625 0.03684374999999999 0.0756041666666666
0 0.443453125 0.5193541666666666 0.04153125000000006 0.08512499999999996
0 0.9442812500000001 0.5541666666666667 0.06553125000000008 0.05356250000000002
0 0.952546875 0.06429166666666666 0.04185937499999994 0.08570833333333333
0 0.714078125 0.166375 0.04707812499999999 0.057729166666666686
0 0.4765 0.0714375 0.07192187499999995 0.052375
0 0.419109375 0.025604166666666664 0.03303124999999998 0.044041666666666666
0 0.074578125 0.10147916666666666 0.05379687499999999 0.10654166666666667
0 0.28559375 0.16397916666666665 0.04278124999999999 0.05297916666666668
0 0.7730312500000001 0.4877916666666666 0.11142187499999992 0.08154166666666664
0 0.35303125 0.9690416666666667 0.07943750000000005 0.06189583333333341