0 0.714515625 0.446125 0.03903125000000003 0.16487499999999997
0 0.76275 0.34852083333333334 0.06407812499999999 0.1125
0 0.9578125 0.4166666666666667 0.084375 0.07916666666666666
0 0.611375 0.28095833333333337 0.12739062499999995 0.18095833333333336
0 0.46109375 0.347625 0.08129687499999996 0.1761875
0 0.6796875 0.8261875 0.058656249999999945 0.13333333333333333
0 0.81640625 0.9625 0.0703125 0.075
0 0.9329062499999999 0.7857083333333333 0.12759375000000012 0.1
0 0.22574999999999998 0.7232083333333333 0.06595312499999999 0.058333333333333334
0 0.20051562500000003 0.8690416666666666 0.037812499999999985 0.1238124999999999
0 0.154296875 0.85 0.048046875 0.0857083333333333
0 0.28225 0.9779791666666667 0.08520312499999996 0.04404166666666664
0 0.067671875 0.11160416666666667 0.10693749999999999 0.09106249999999999
0 0.06171875 0.042708333333333334 0.1234375 0.08541666666666667