0 0.18262499999999998 0.6855 0.07232812500000001 0.13395833333333323
0 0.08090625 0.7248541666666667 0.08415625000000002 0.07377083333333327
0 0.282609375 0.9374166666666667 0.09175000000000004 0.08225000000000003
0 0.192515625 0.9724583333333333 0.07475000000000001 0.05508333333333345
0 0.543859375 0.8691041666666667 0.04132812500000007 0.07062499999999995
0 0.58275 0.8684166666666666 0.03576562499999998 0.10164583333333325
0 0.6497499999999999 0.96775 0.07949999999999999 0.05493750000000001
0 0.773875 0.9759166666666667 0.06731249999999997 0.04814583333333336
0 0.5974999999999999 0.7389791666666666 0.061812499999999916 0.06035416666666672
0 0.287640625 0.4064583333333333 0.05667187499999997 0.06199999999999998
0 0.282265625 0.35181250000000003 0.04243750000000004 0.04529166666666669
0 0.327046875 0.31037499999999996 0.06951562500000001 0.06889583333333332
0 0.423734375 0.19991666666666666 0.13440624999999998 0.09335416666666667
0 0.401859375 0.12860416666666666 0.11150000000000002 0.08035416666666668
0 0.27323437500000003 0.13183333333333333 0.10771875 0.040520833333333325
0 0.21196874999999998 0.112625 0.069203125 0.049312500000000016
0 0.38434375 0.021374999999999998 0.11450000000000005 0.027625000000000004
0 0.7861875 0.3793958333333334 0.09543750000000006 0.17914583333333337
0 0.8769843749999999 0.3372291666666667 0.044375000000000143 0.0855833333333333
0 0.9342656249999999 0.2527083333333333 0.07699999999999996 0.09525