0 0.9065625 0.6431458333333333 0.08381250000000015 0.07083333333333333
0 0.8862343750000001 0.7613125000000001 0.04942187500000017 0.13452083333333345
0 0.878859375 0.9044583333333333 0.06414062499999992 0.1529791666666668
0 0.824828125 0.6842291666666667 0.047140625000000116 0.10772916666666674
0 0.75315625 0.6639791666666667 0.07612500000000004 0.07679166666666669
0 0.7321718749999999 0.9702291666666666 0.09665625000000003 0.05952083333333344
0 0.547734375 0.8306458333333333 0.05812500000000007 0.12439583333333341
0 0.48767187500000003 0.7047708333333333 0.08532812500000002 0.08095833333333337
0 0.34834375 0.7809583333333333 0.09239062499999999 0.06666666666666667
0 0.47024999999999995 0.852375 0.05940624999999997 0.04285416666666677
0 0.24853125 0.9550625 0.06685937500000003 0.0756041666666666
0 0.304125 0.9824375 0.04859375000000003 0.03512500000000003
0 0.056734375000000004 0.6991041666666666 0.107375 0.0636875000000001
0 0.617625 0.38095833333333334 0.08631250000000001 0.17143750000000005
0 0.503296875 0.4047708333333333 0.08981250000000003 0.14762500000000003
0 0.18265625000000002 0.41904166666666665 0.07351562500000001 0.15237499999999998
0 0.11187499999999999 0.06785416666666667 0.082859375 0.09285416666666668
0 0.22084375 0.049104166666666664 0.08292187499999999 0.07320833333333333
0 0.30971875 0.0839375 0.091015625 0.08929166666666667
0 0.4226875 0.09939583333333334 0.05804687499999996 0.09643750000000001
0 0.47828125000000005 0.13779166666666667 0.05764062499999998 0.09583333333333334
0 0.47248437499999996 0.2154791666666667 0.09067187499999996 0.12618749999999998
0 0.13309375 0.26429166666666665 0.07259375000000001 0.0809583333333333
0 0.04957812500000001 0.26368749999999996 0.0859375 0.07262500000000002
0 0.060078125 0.3297708333333333 0.06853125 0.06904166666666664
0 0.02009375 0.3952291666666667 0.034109375 0.10477083333333338