0 0.398125 0.21368749999999997 0.05356249999999996 0.20595833333333335
0 0.2210625 0.18154166666666666 0.04317187499999999 0.11785416666666665
0 0.214359375 0.30714583333333334 0.03870312499999999 0.09522916666666666
0 0.026625 0.4172708333333333 0.053234375000000014 0.11310416666666671
0 0.029296875 0.7348125 0.05859375 0.0636875000000001
0 0.162109375 0.8 0.06814062500000002 0.08095833333333337
0 0.295421875 0.9502916666666666 0.09815624999999999 0.08987499999999997
0 0.297203125 0.8672708333333333 0.06600000000000002 0.0607083333333333
0 0.884890625 0.752375 0.06281250000000008 0.17618749999999986
0 0.835546875 0.6017916666666667 0.07573437500000005 0.10118750000000011
0 0.8909375 0.4583333333333333 0.150796875 0.11189583333333329
0 0.5437031250000001 0.4479166666666667 0.04115625000000005 0.10893750000000005
0 0.43809375 0.4752916666666666 0.06654687500000005 0.11606249999999996
0 0.37870312500000003 0.4907708333333333 0.045953125 0.09939583333333335
0 0.032875 0.12352083333333333 0.06575 0.09106249999999999
0 0.164796875 0.047625 0.07351562500000001 0.07618749999999999
0 0.103390625 0.05625 0.05337499999999999 0.0875
0 0.31884375 0.0449375 0.07376562499999997 0.089875
0 0.47290625000000003 0.047625 0.04240624999999998 0.09047916666666668
0 0.5666875 0.05535416666666667 0.069140625 0.11070833333333334
0 0.71275 0.035124999999999997 0.10690624999999994 0.06310416666666666
0 0.70425 0.09702083333333333 0.06314062499999995 0.044041666666666666
0 0.907890625 0.10595833333333333 0.05970312500000006 0.12143749999999999