0 0.69853125 0.7632916666666667 0.04859375000000003 0.10435416666666673
0 0.5084531250000001 0.8762916666666667 0.037171874999999945 0.10441666666666667
0 0.09321874999999999 0.8077500000000001 0.06784375000000001 0.16366666666666654
0 0.19407812499999996 0.36014583333333333 0.07440624999999998 0.06197916666666667
0 0.31334375 0.22260416666666666 0.07750000000000004 0.07391666666666664
0 0.8327187500000001 0.2811875 0.12181250000000006 0.06793750000000003
0 0.7276875 0.06908333333333333 0.12079687499999991 0.07708333333333334
0 0.19182812499999996 0.12397916666666665 0.12890624999999997 0.12668749999999998
0 0.12221875 0.03620833333333333 0.03484375000000002 0.057604166666666665
0 0.09929687499999999 0.17420833333333335 0.044578125 0.07435416666666667
0 0.08559375 0.20941666666666667 0.05534375000000001 0.07068750000000001
0 0.1328125 0.2740208333333333 0.03865625000000002 0.074875
0 0.093578125 0.3159166666666666 0.050468749999999986 0.04295833333333334
0 0.056781250000000005 0.28350000000000003 0.060203125 0.052208333333333336
0 0.009421875 0.2594375 0.01884375 0.17072916666666665
0 0.646625 0.19275 0.06631249999999991 0.10402083333333335