0 0.20945312500000002 0.06666666666666667 0.055671874999999996 0.11429166666666667
0 0.088890625 0.035416666666666666 0.118109375 0.05772916666666667
0 0.123046875 0.2797708333333333 0.09268749999999999 0.06429166666666669
0 0.049359375 0.29643749999999996 0.043515625 0.07381250000000002
0 0.06921875 0.35535416666666664 0.043078124999999995 0.0607083333333333
0 0.013625000000000003 0.37977083333333334 0.025625 0.05
0 0.02278125 0.46041666666666664 0.039484375 0.12202083333333331
0 0.028140625000000002 0.5940416666666667 0.050203125 0.07381249999999989
0 0.317078125 0.177375 0.04770312499999996 0.07381250000000002
0 0.272421875 0.30237499999999995 0.06554687499999998 0.0857083333333333
0 0.36553125 0.22797916666666668 0.03300000000000001 0.09166666666666666
0 0.42223437500000005 0.23779166666666668 0.04821875000000002 0.20060416666666664
0 0.28625 0.3988125 0.030718750000000038 0.0881041666666667
0 0.35973437499999994 0.45237499999999997 0.10176562499999994 0.07618749999999999
0 0.292734375 0.522625 0.057062499999999974 0.05
0 0.273984375 0.5848125 0.055265625000000006 0.09702083333333343
0 0.332703125 0.5809583333333334 0.05218749999999996 0.09522916666666674
0 0.380265625 0.6642916666666667 0.05354687499999997 0.07143749999999992
0 0.42648437499999997 0.7327291666666667 0.061171874999999966 0.053562500000000075
0 0.6872812500000001 0.4895833333333333 0.04704687500000002 0.0732083333333333
0 0.677234375 0.42737499999999995 0.03142187500000002 0.05
0 0.726140625 0.38064583333333335 0.06226562500000003 0.05772916666666662
0 0.8127812499999999 0.29881250000000004 0.12126562499999993 0.06904166666666664
0 0.798046875 0.22797916666666668 0.10785937499999995 0.06785416666666665
0 0.7819531249999999 0.125 0.07570312499999998 0.06429166666666668
0 0.684609375 0.22618749999999999 0.09528125000000003 0.05237499999999997
0 0.627671875 0.2785625 0.04835937500000007 0.10952083333333332
0 0.596859375 0.7416666666666667 0.06709375000000009 0.10714583333333323
0 0.510671875 0.7758958333333333 0.08221875000000001 0.038687500000000104
0 0.42290625000000004 0.8238125000000001 0.025453124999999945 0.05714583333333323
0 0.4258125 0.8889791666666667 0.019640625000000078 0.05060416666666659
0 0.67925 0.9571458333333334 0.06670312500000009 0.0857083333333333
0 0.9297812499999999 0.9089375000000001 0.04451562500000002 0.06310416666666659
0 0.9659375000000001 0.9080416666666667 0.032937499999999884 0.1125
0 0.97109375 0.7895833333333333 0.0578125 0.0875
0 0.395671875 0.9368958333333333 0.04776562499999999 0.09285416666666677
0 0.35928125 0.8752916666666667 0.051750000000000004 0.05893749999999993
0 0.346328125 0.76875 0.08835937500000002 0.07202083333333344
0 0.289390625 0.8428541666666667 0.041437499999999974 0.11904166666666664
0 0.23378125 0.7148749999999999 0.05971875000000004 0.1368958333333334
0 0.136890625 0.975 0.12484375 0.05
0 0.25790625 0.975 0.05437500000000002 0.05