0 0.10004687500000001 0.127375 0.095796875 0.06904166666666668
0 0.017687500000000002 0.09910416666666667 0.035375000000000004 0.07797916666666665
0 0.39321875 0.21695833333333334 0.08839062499999999 0.07560416666666665
0 0.527859375 0.14195833333333333 0.05856250000000003 0.06845833333333332
0 0.592828125 0.26845833333333335 0.050125000000000065 0.125
0 0.515578125 0.2848125 0.04739062500000006 0.04464583333333335
0 0.37110937499999996 0.44583333333333336 0.07542187499999997 0.075
0 0.294515625 0.39285416666666667 0.060640625000000004 0.07618749999999999
0 0.152734375 0.5541666666666667 0.05831249999999999 0.14881250000000007
0 0.134875 0.7639791666666667 0.040437499999999994 0.11012500000000003
0 0.187125 0.8877916666666666 0.10031250000000003 0.14345833333333335
0 0.354140625 0.8482083333333333 0.04148437500000002 0.07022916666666675
0 0.39165624999999993 0.8607083333333333 0.04507812499999999 0.10714583333333323
0 0.46957812499999996 0.9556458333333333 0.07146875000000001 0.0886875000000001
0 0.43496875 0.7360208333333333 0.033500000000000085 0.11368750000000011
0 0.39209375 0.7377916666666666 0.03703125000000003 0.10535416666666678
0 0.36128125 0.6559583333333333 0.055781249999999984 0.10237499999999997
0 0.512234375 0.5154791666666667 0.07195312499999992 0.08333333333333333
0 0.5988749999999999 0.5898749999999999 0.07020312499999992 0.08689583333333341
0 0.773921875 0.41993749999999996 0.07748437500000005 0.06487499999999997
0 0.958796875 0.4895833333333333 0.07581249999999998 0.09702083333333338
0 0.934234375 0.7535624999999999 0.03203125 0.10714583333333323
0 0.8578749999999999 0.7443541666666668 0.06681249999999998 0.08272916666666674
0 0.9067812500000001 0.827375 0.06193750000000016 0.0881041666666666
0 0.8062968749999999 0.572625 0.052046874999999916 0.11666666666666667
0 0.8748437499999999 0.4666666666666667 0.08290624999999992 0.08095833333333337
0 0.9266406249999999 0.3455416666666667 0.0436406250000001 0.14227083333333337
0 0.9326718749999999 0.19643750000000001 0.0422968749999999 0.13570833333333338
0 0.9514374999999999 0.07827083333333333 0.09410937500000002 0.06727083333333335
0 0.869703125 0.12977083333333334 0.05387500000000003 0.0785625
0 0.803625 0.11220833333333333 0.07884375000000006 0.04227083333333332