0 0.021609375 0.108625 0.04321875 0.11727083333333331
0 0.582109375 0.1050625 0.06440625000000004 0.06606249999999998
0 0.652234375 0.15743749999999998 0.08856249999999992 0.07560416666666665
0 0.789109375 0.20356249999999998 0.054265625000000026 0.07856250000000002
0 0.868140625 0.2526875 0.060562499999999984 0.07560416666666665
0 0.47359375000000004 0.277375 0.052718750000000016 0.10714583333333334
0 0.04921875 0.36875 0.0984375 0.08333333333333333
0 0.069453125 0.44762500000000005 0.09265624999999998 0.06666666666666667
0 0.04510937499999999 0.6175625 0.08415625 0.055354166666666774
0 0.085984375 0.7074374999999999 0.09890625 0.08035416666666677
0 0.025687500000000002 0.8107083333333333 0.040812499999999995 0.10237499999999997
0 0.20789062500000002 0.5928541666666667 0.11953125 0.11904166666666664
0 0.34878125 0.5142916666666667 0.04862500000000001 0.1761874999999999
0 0.48029687499999996 0.46310416666666665 0.039328124999999936 0.09762500000000003
0 0.527640625 0.5631041666666667 0.08043750000000002 0.10714583333333329
0 0.44210937499999997 0.8154791666666666 0.04778125000000007 0.1118958333333334
0 0.690640625 0.8550625000000001 0.14753124999999995 0.04227083333333326
0 0.7181093749999999 0.9160625 0.13550000000000004 0.06310416666666659
0 0.8116562500000001 0.7175625 0.04132812500000007 0.1125
0 0.7835156249999999 0.5964375000000001 0.065421875 0.07856250000000008
0 0.7335 0.4047708333333333 0.036812499999999915 0.1
0 0.6971093749999999 0.41429166666666667 0.030984375000000064 0.09522916666666663
0 0.665625 0.33839583333333334 0.043906250000000036 0.08035416666666666
0 0.67009375 0.5270833333333333 0.03498437499999998 0.08868750000000004
0 0.7058125000000001 0.5321458333333333 0.03501562499999995 0.09285416666666671
0 0.5439375 0.6901875000000001 0.07285937499999999 0.033937499999999926
0 0.525625 0.7401875 0.06303125000000005 0.038687500000000104
0 0.627453125 0.728875 0.08809375 0.051791666666666694
0 0.6160625 0.7773749999999999 0.09657812499999992 0.05952083333333344
0 0.970265625 0.6297708333333334 0.059453124999999926 0.07381249999999989
0 0.9836562499999999 0.097625 0.03267187500000013 0.08095833333333331