0 0.42756249999999996 0.4555625 0.04137500000000003 0.10462499999999994
0 0.43520312499999997 0.3221875 0.042750000000000024 0.13418750000000002
0 0.211625 0.5907708333333334 0.05393749999999999 0.07879166666666677
0 0.168921875 0.5203958333333333 0.044921875 0.06762499999999996
0 0.24148437500000003 0.2686875 0.08585937499999999 0.059604166666666694
0 0.111125 0.366875 0.043906249999999994 0.1078125
0 0.069625 0.22979166666666667 0.08245312500000002 0.07439583333333336
0 0.20589062500000002 0.1751458333333333 0.04595312500000002 0.09472916666666667
0 0.19478125 0.06354166666666666 0.03762499999999998 0.12152083333333333
0 0.38937499999999997 0.20987499999999998 0.06220312500000005 0.043812500000000004
0 0.31525 0.2138125 0.035500000000000045 0.08410416666666667
0 0.40499999999999997 0.07949999999999999 0.05873437500000005 0.05625
0 0.476171875 0.044083333333333335 0.06912500000000002 0.04556249999999999
0 0.527546875 0.16335416666666666 0.046890624999999984 0.14058333333333337
0 0.653734375 0.06237500000000001 0.08053124999999994 0.12385416666666667
0 0.7443593749999999 0.0788125 0.06035937499999999 0.06875
0 0.8144843749999999 0.042 0.04784374999999992 0.06456250000000001
0 0.94453125 0.18541666666666667 0.1109375 0.0625
0 0.7788906250000001 0.6095416666666666 0.03570312500000004 0.11166666666666672
0 0.5974999999999999 0.6419583333333333 0.05137499999999999 0.10243749999999992
0 0.624234375 0.4106458333333334 0.042343750000000034 0.11664583333333335
0 0.616421875 0.2995 0.030203125000000063 0.09806249999999998
0 0.699046875 0.18487499999999998 0.028781249999999935 0.1049375
0 0.885125 0.020458333333333335 0.05371875000000017 0.04091666666666667
0 0.96796875 0.030208333333333334 0.0578125 0.06041666666666667
0 0.3784375 0.9730624999999999 0.06464062500000001 0.051687499999999886
0 0.2123125 0.8945833333333333 0.11087499999999997 0.09379166666666663
0 0.07032812499999999 0.8151666666666666 0.139390625 0.11550000000000012
0 0.6546093749999999 0.6225 0.06490624999999994 0.10056249999999996
0 0.166140625 0.2670625 0.09492187499999998 0.07025000000000002