0 0.503515625 0.4386875 0.05006249999999994 0.15595833333333337
0 0.558671875 0.3375 0.05768749999999993 0.09643750000000004
0 0.394125 0.29881250000000004 0.14376562499999998 0.22143750000000004
0 0.23735937499999998 0.3419583333333333 0.08918749999999998 0.18272916666666664
0 0.46801562499999994 0.8267916666666667 0.046015625000000074 0.14643749999999991
0 0.60625 0.9520833333333333 0.096875 0.09583333333333334
0 0.710515625 0.7821458333333333 0.12923437500000007 0.09285416666666677
0 0.9224062500000001 0.8952291666666666 0.06640625 0.08095833333333337
0 0.978078125 0.8416666666666667 0.043828124999999926 0.06904166666666664
0 0.7529375 0.4080416666666667 0.09800000000000005 0.06487499999999997
0 0.029296875 0.7175625 0.05859375 0.06487499999999997
0 0.06678125 0.9675625 0.08728125 0.06487499999999997
0 0.013125000000000001 0.8449375 0.026250000000000002 0.10893749999999992
0 0.890234375 0.0300625 0.06937500000000014 0.060125
0 0.8813124999999999 0.185125 0.0020781249999998865 0.0059583333333333615