0 0.574296875 0.29285416666666664 0.07645312499999993 0.06666666666666667
0 0.54103125 0.4410625 0.03579687499999995 0.11310416666666671
0 0.49524999999999997 0.4297708333333333 0.038000000000000075 0.07856249999999995
0 0.6160625 0.552375 0.07871874999999999 0.06189583333333335
0 0.75046875 0.5839375 0.07076562499999994 0.06547916666666656
0 0.7658750000000001 0.7684583333333334 0.04353125000000002 0.17262500000000003
0 0.8362187499999999 0.7639791666666667 0.0458124999999999 0.0625
0 0.8708281250000001 0.6970208333333333 0.030203124999999886 0.07737499999999997
0 0.48521875000000003 0.8044583333333333 0.14740625000000004 0.07202083333333344
0 0.37848437499999993 0.9071458333333333 0.04998437499999997 0.08095833333333337
0 0.02840625 0.8955416666666667 0.0568125 0.0756041666666666
0 0.06765625 0.6190416666666666 0.05334375 0.1
0 0.120140625 0.5020833333333333 0.073484375 0.0625
0 0.21659375 0.4702291666666667 0.08782812499999999 0.0881041666666667
0 0.12840625 0.18689583333333332 0.06768749999999998 0.11666666666666667
0 0.031984374999999995 0.2220208333333333 0.06395312500000001 0.07977083333333332