0 0.09496875 0.15152083333333335 0.053249999999999985 0.1123125
0 0.072921875 0.3108333333333333 0.06125000000000001 0.0790833333333333
0 0.02678125 0.3842291666666667 0.053546875000000015 0.05458333333333331
0 0.157984375 0.5120416666666666 0.05775000000000001 0.06947916666666666
0 0.22359374999999998 0.4543958333333334 0.08481250000000003 0.08841666666666666
0 0.30778125 0.432625 0.08306250000000004 0.07266666666666666
0 0.15953124999999999 0.752875 0.071296875 0.14370833333333338
0 0.228625 0.9346458333333333 0.03029687499999998 0.10260416666666666
0 0.27203125 0.9770833333333333 0.03237499999999995 0.04583333333333333
0 0.382421875 0.9516249999999999 0.03096874999999999 0.09675000000000011
0 0.43156249999999996 0.8813958333333333 0.02712500000000002 0.1831666666666666
0 0.47564062500000004 0.8917916666666666 0.03337500000000002 0.0511875000000001
0 0.5280625 0.92375 0.047937499999999925 0.05027083333333333
0 0.570078125 0.8927291666666667 0.06389062499999998 0.07525000000000001
0 0.49595312500000005 0.8260416666666667 0.037171874999999945 0.0752291666666667
0 0.5258125 0.79825 0.06078124999999997 0.08631249999999989
0 0.616765625 0.743375 0.11770312500000006 0.14787500000000003
0 0.74296875 0.836 0.08190624999999993 0.07383333333333345
0 0.7683125000000001 0.55975 0.05620312500000004 0.10006249999999994
0 0.81465625 0.4567083333333333 0.08292187499999999 0.0652708333333333
0 0.8950312500000001 0.42870833333333336 0.08048437499999998 0.09162500000000004
0 0.5528906250000001 0.6169583333333333 0.045500000000000006 0.12650000000000006
0 0.566078125 0.5058125 0.04410937500000003 0.08937500000000001
0 0.43103125000000003 0.629 0.04482812500000009 0.15058333333333326
0 0.37096874999999996 0.5914791666666667 0.056656249999999984 0.08481250000000008
0 0.39440624999999996 0.46506250000000005 0.03754687500000005 0.13752083333333337
0 0.43137499999999995 0.48056249999999995 0.024703124999999916 0.09908333333333334
0 0.39353125 0.09316666666666666 0.05317187499999996 0.05114583333333333
0 0.424609375 0.17631249999999998 0.03546875000000007 0.09241666666666667
0 0.454984375 0.271 0.044140625 0.09202083333333337
0 0.52146875 0.19483333333333333 0.08334375000000005 0.07391666666666664
0 0.53328125 0.31152083333333336 0.06529687499999995 0.06656249999999998
0 0.575640625 0.4062291666666667 0.03889062499999998 0.08468749999999996
0 0.59628125 0.3643125 0.06979687499999994 0.12774999999999997
0 0.607921875 0.25456249999999997 0.04096875000000004 0.05450000000000002
0 0.700609375 0.21427083333333333 0.08053124999999994 0.05724999999999998
0 0.7917500000000001 0.166125 0.06487499999999997 0.12760416666666666
0 0.5601875 0.08160416666666667 0.05314062499999998 0.0743125
0 0.604109375 0.15591666666666668 0.040281249999999956 0.05166666666666667
0 0.46470312500000005 0.03158333333333333 0.03579687499999995 0.06316666666666666
0 0.25606249999999997 0.7531041666666667 0.055984374999999975 0.10250000000000009
0 0.3845 0.7408125 0.118453125 0.052958333333333246
0 0.343890625 0.8234791666666667 0.085828125 0.05808333333333333
0 0.150171875 0.0269375 0.079390625 0.053541666666666675