0 0.09540625 0.5554375 0.064515625 0.14456249999999998
0 0.161015625 0.5689166666666666 0.03035937500000001 0.13720833333333335
0 0.061390625 0.7749791666666667 0.029562500000000002 0.07399999999999997
0 0.01896875 0.8482291666666666 0.037921874999999994 0.04899999999999996
0 0.131984375 0.9755625 0.03843749999999999 0.04885416666666676
0 0.2748125 0.8886666666666667 0.041109375000000004 0.06614583333333333
0 0.2963125 0.9464791666666666 0.051046875000000026 0.07987500000000007
0 0.368 0.9258958333333334 0.04006249999999998 0.04262500000000007
0 0.43528124999999995 0.92075 0.06437500000000007 0.03724999999999999
0 0.487484375 0.9352083333333333 0.051171875 0.051458333333333425
0 0.3685625 0.9755625 0.07424999999999997 0.04885416666666676
0 0.522953125 0.8560833333333334 0.030234375000000036 0.10389583333333334
0 0.53234375 0.7791458333333333 0.03795312499999994 0.03822916666666672
0 0.568734375 0.8570625 0.05931250000000006 0.08624999999999995
0 0.6363749999999999 0.8886666666666667 0.04759375000000006 0.04656250000000005
0 0.7084374999999999 0.7 0.04468750000000003 0.09064583333333331
0 0.8257187500000001 0.915125 0.06609374999999992 0.06027083333333323
0 0.90953125 0.8501875 0.057328125000000084 0.07252083333333345
0 0.9602187499999999 0.9308125 0.037406250000000085 0.09162500000000004
0 0.9065468750000001 0.6607916666666667 0.04767187499999999 0.11024999999999992
0 0.98178125 0.6299375 0.0364374999999999 0.13670833333333335
0 0.669421875 0.5997916666666666 0.036484375000000034 0.051937499999999893
0 0.618328125 0.6875 0.059249999999999935 0.09995833333333337
0 0.6120625000000001 0.6110625 0.05409375000000001 0.0450833333333333
0 0.5471874999999999 0.6404583333333334 0.06029687500000005 0.10389583333333334
0 0.466484375 0.5395208333333333 0.056937499999999905 0.1176041666666667
0 0.31465624999999997 0.6468333333333334 0.06934375 0.04802083333333324
0 0.252515625 0.6010208333333333 0.05532812499999995 0.06908333333333326
0 0.31759375 0.553 0.048765624999999965 0.035770833333333245
0 0.38707812500000005 0.5348541666666667 0.04512500000000004 0.04458333333333329
0 0.4190625 0.4782708333333333 0.02823437500000008 0.0637083333333333
0 0.375671875 0.460125 0.04437499999999996 0.09604166666666672
0 0.53578125 0.418 0.059562500000000004 0.07056250000000001
0 0.647734375 0.4812083333333333 0.05926562499999992 0.06958333333333329
0 0.714265625 0.4635625 0.05268750000000004 0.053895833333333344
0 0.774015625 0.4736041666666667 0.05089062500000008 0.04949999999999998
0 0.89 0.4981041666666666 0.051328124999999857 0.07889583333333329
0 0.8451562499999999 0.4816875 0.049828125000000154 0.08035416666666666
0 0.8914687499999999 0.5542291666666667 0.05428125000000002 0.06860416666666662
0 0.78834375 0.33787500000000004 0.04281249999999996 0.1406458333333333
0 0.820703125 0.3486458333333333 0.03401562499999997 0.06418750000000001
0 0.871984375 0.36506249999999996 0.037359375000000125 0.043124999999999976
0 0.90525 0.37560416666666663 0.026718749999999857 0.08868749999999999
0 0.8940468750000001 0.3075 0.02265625 0.06027083333333335
0 0.9558125000000001 0.2690208333333333 0.028578124999999944 0.047041666666666634
0 0.9890625 0.30104166666666665 0.021875 0.035416666666666666
0 0.9806250000000001 0.22933333333333333 0.037796875000000084 0.05585416666666667
0 0.9890625 0.19895833333333332 0.021875 0.052083333333333336
0 0.929703125 0.26143750000000004 0.027828124999999915 0.10535416666666668
0 0.907640625 0.21708333333333335 0.027812499999999928 0.08035416666666666
0 0.8605937499999999 0.21904166666666666 0.05131249999999987 0.045083333333333364
0 0.8876250000000001 0.16808333333333333 0.07964062500000005 0.04116666666666665
0 0.9315468750000001 0.08502083333333334 0.03885937499999983 0.10535416666666665
0 0.880625 0.06247916666666666 0.02890625 0.060270833333333336
0 0.9250937499999999 0.0125 0.03651562499999983 0.025
0 0.8065468750000001 0.17420833333333335 0.03878124999999999 0.06810416666666666
0 0.735234375 0.1693125 0.05784374999999997 0.11712499999999999
0 0.6168437499999999 0.23716666666666666 0.041593750000000006 0.05193750000000001
0 0.5962500000000001 0.28960416666666666 0.029812500000000065 0.06860416666666667
0 0.589640625 0.2308125 0.03128124999999997 0.06860416666666667
0 0.56096875 0.20802083333333332 0.03273437500000007 0.067125
0 0.534859375 0.2748958333333333 0.04668749999999999 0.05881250000000001
0 0.614640625 0.14847916666666666 0.02248437499999998 0.06077083333333332
0 0.581921875 0.10535416666666667 0.03790624999999999 0.03331249999999999
0 0.48743749999999997 0.14920833333333333 0.03268749999999994 0.08672916666666666
0 0.37034375 0.3454583333333333 0.05209374999999996 0.0627291666666667
0 0.3128125 0.24599999999999997 0.04360937500000004 0.04997916666666666
0 0.316859375 0.17200000000000001 0.10317187500000005 0.04900000000000002
0 0.33192187500000003 0.09310416666666667 0.037734374999999966 0.07741666666666666
0 0.389625 0.027437499999999997 0.07471875000000003 0.03429166666666667
0 0.33981249999999996 0.019854166666666666 0.06042187500000003 0.0396875
0 0.256546875 0.02475 0.06157812499999995 0.0495
0 0.7381562500000001 0.011270833333333334 0.06860937499999994 0.022541666666666668