0 0.111625 0.1858125 0.10601562499999999 0.18087499999999998
0 0.060078125 0.5021041666666667 0.0425 0.08197916666666671
0 0.016359375000000002 0.6197291666666668 0.032718750000000005 0.05795833333333344
0 0.150859375 0.7980208333333334 0.06087500000000001 0.07195833333333326
0 0.21214062500000003 0.8522083333333333 0.054953125000000026 0.07847916666666659
0 0.30084374999999997 0.9022291666666666 0.09695312500000001 0.05256250000000004
0 0.361078125 0.664875 0.04034374999999999 0.08995833333333322
0 0.39457812500000006 0.740375 0.07054687500000001 0.09091666666666663
0 0.334171875 0.2548125 0.07471874999999999 0.12906249999999997
0 0.426 0.3281875 0.10767187499999994 0.06749999999999995
0 0.42651562500000006 0.18949999999999997 0.07053124999999998 0.06324999999999997
0 0.5140156250000001 0.058687500000000004 0.05106249999999992 0.11735416666666666
0 0.5070625 0.15383333333333335 0.06495312500000008 0.05675
0 0.565734375 0.0741875 0.03646875000000005 0.10116666666666667
0 0.6553125 0.17931249999999999 0.09060937500000002 0.13550000000000004
0 0.76675 0.30829166666666663 0.08432812500000005 0.1480833333333333
0 0.50046875 0.7359583333333333 0.07259375000000005 0.04506249999999999
0 0.40290625 0.8778958333333333 0.106640625 0.04654166666666673
0 0.43276562500000004 0.9593958333333333 0.09690624999999997 0.04287500000000009
0 0.4968125 0.7970833333333334 0.12432812500000008 0.07104166666666671
0 0.5912499999999999 0.721375 0.09096875000000004 0.04829166666666656
0 0.67284375 0.7315625 0.08053124999999994 0.05014583333333344
0 0.7191875 0.6415000000000001 0.03781250000000007 0.1339166666666666
0 0.887046875 0.6727500000000001 0.08534374999999983 0.0528958333333333
0 0.807203125 0.6433333333333333 0.050640625000000036 0.06354166666666666
0 0.76259375 0.6014375 0.03434375000000003 0.0769374999999999
0 0.7405468749999999 0.5335833333333333 0.070109375 0.07550000000000003
0 0.97890625 0.4010416666666667 0.0421875 0.15208333333333332
0 0.832203125 0.4032291666666667 0.031187500000000055 0.10645833333333338
0 0.85840625 0.2749375 0.07875000000000014 0.06283333333333335
0 0.9061406249999999 0.08600000000000001 0.09157812499999984 0.09608333333333334