0 0.850765625 0.815875 0.07459375000000001 0.1844999999999999
0 0.7301249999999999 0.8522083333333333 0.06315624999999994 0.17110416666666667
0 0.43728125 0.9031458333333333 0.057328125000000084 0.14335416666666656
0 0.3556875 0.59125 0.08165624999999999 0.0926666666666667
0 0.449609375 0.5504791666666667 0.07156249999999993 0.06302083333333333
0 0.535015625 0.5745625000000001 0.07570312500000007 0.0741458333333334
0 0.099828125 0.6808541666666666 0.09075000000000001 0.14320833333333335
0 0.210578125 0.8167916666666667 0.08307812500000003 0.14189583333333336
0 0.19234374999999998 0.4856666666666667 0.07787499999999999 0.10002083333333331
0 0.28123437500000004 0.2985625 0.033421874999999976 0.0776875
0 0.191828125 0.26799999999999996 0.07335937500000003 0.090625
0 0.10571875 0.100125 0.05393750000000001 0.11135416666666666
0 0.22515625 0.18995833333333334 0.04279687499999998 0.08733333333333336
0 0.260390625 0.2168333333333333 0.033421874999999976 0.10402083333333331
0 0.30084374999999997 0.22979166666666667 0.041390625000000014 0.09291666666666666
0 0.4883125 0.13810416666666667 0.06634375000000006 0.13547916666666668
0 0.58084375 0.14666666666666667 0.04237500000000001 0.08870833333333332
0 0.55271875 0.3268125 0.04862500000000001 0.10641666666666663
0 0.600453125 0.382625 0.05034375000000004 0.08374999999999998
0 0.5765 0.4210625 0.03715624999999996 0.07729166666666672
0 0.677875 0.4194375 0.07325 0.05089583333333335
0 0.71190625 0.40208333333333335 0.04407812500000006 0.1782291666666667
0 0.70009375 0.608375 0.062124999999999986 0.0769374999999999
0 0.711375 0.6928958333333333 0.08121875000000003 0.11172916666666666
0 0.63153125 0.5796666666666667 0.06040624999999995 0.11212500000000004
0 0.9406874999999999 0.36733333333333335 0.09192187499999989 0.062437500000000055
0 0.844515625 0.3140625 0.0454218749999999 0.05777083333333337
0 0.796265625 0.2777291666666667 0.03918749999999997 0.06377083333333336
0 0.7535624999999999 0.26777083333333335 0.030171874999999914 0.16889583333333333
0 0.73290625 0.20616666666666666 0.027046874999999915 0.09197916666666668
0 0.671796875 0.21033333333333332 0.08539062499999997 0.0502916666666667
0 0.707203125 0.124875 0.12843750000000007 0.04331249999999998
0 0.7605000000000001 0.0380625 0.044062500000000074 0.076125
0 0.8696875000000001 0.03620833333333333 0.05062500000000014 0.07241666666666666
0 0.933390625 0.1371666666666667 0.12595312499999983 0.14104166666666665
0 0.8483437500000001 0.18279166666666666 0.060000000000000143 0.08687500000000004
0 0.83203125 0.21056249999999999 0.04820312499999986 0.06835416666666667
0 0.88965625 0.2728541666666667 0.052359374999999986 0.058666666666666686
0 0.951109375 0.3017916666666667 0.0016562499999999147 0.0008124999999999716