0 0.610703125 0.122625 0.12157812499999991 0.10714583333333334
0 0.59171875 0.041666666666666664 0.10593749999999993 0.06429166666666666
0 0.43984375 0.015187499999999998 0.17996875000000007 0.030354166666666668
0 0.490796875 0.2092291666666667 0.06479687500000005 0.07202083333333333
0 0.45239062499999994 0.26458333333333334 0.04154687500000005 0.051791666666666694
0 0.44479687500000004 0.32589583333333333 0.05314062499999998 0.06727083333333338
0 0.144234375 0.04791666666666667 0.056906250000000026 0.09583333333333334
0 0.059406249999999994 0.23422916666666668 0.09487499999999999 0.0982083333333333
0 0.025687500000000002 0.3964375 0.040812499999999995 0.10714583333333334
0 0.081953125 0.5047708333333334 0.04621875000000001 0.08570833333333336
0 0.11053125 0.5857083333333333 0.049812499999999996 0.05714583333333323
0 0.034390625 0.6133958333333334 0.062703125 0.05893749999999993
0 0.11187499999999999 0.6904791666666666 0.025687499999999995 0.05237499999999997
0 0.10695312500000001 0.7639791666666667 0.024796875000000006 0.0625
0 0.07257812500000001 0.8235208333333334 0.05425 0.11012500000000003
0 0.026125 0.7345208333333333 0.050640624999999995 0.06904166666666664
0 0.211234375 0.6517916666666667 0.07710937500000001 0.058333333333333334
0 0.315515625 0.6136874999999999 0.07584375000000003 0.1488124999999999
0 0.417109375 0.8970208333333333 0.10493749999999995 0.09643749999999993
0 0.308375 0.9458333333333333 0.07940624999999998 0.075
0 0.768109375 0.7184583333333333 0.056937499999999905 0.07262500000000002
0 0.739296875 0.8738125 0.046656250000000024 0.13333333333333333
0 0.6859375 0.85 0.03543749999999992 0.0857083333333333
0 0.796875 0.9729166666666667 0.071875 0.05416666666666667