0 0.14809375 0.4583333333333333 0.03104687500000001 0.11018749999999997
0 0.154 0.323125 0.03590624999999999 0.1360416666666667
0 0.10885937500000001 0.20385416666666664 0.07062500000000002 0.04104166666666664
0 0.10192187500000001 0.16239583333333335 0.07064062500000001 0.027583333333333352
0 0.050015624999999994 0.21404166666666666 0.018921874999999998 0.06141666666666665
0 0.031625 0.18625 0.030734375 0.07991666666666669
0 0.131953125 0.08297916666666666 0.057781249999999985 0.04929166666666666
0 0.189921875 0.044083333333333335 0.06956250000000001 0.04556249999999999
0 0.2498125 0.16195833333333332 0.04698437499999999 0.1285416666666667
0 0.332265625 0.29716666666666663 0.03479687499999997 0.10268750000000001
0 0.339390625 0.40739583333333335 0.031671874999999974 0.10089583333333335
0 0.375 0.065625 0.0875 0.13125
0 0.46384375 0.07327083333333334 0.05489062499999999 0.07614583333333333
0 0.53553125 0.04639583333333333 0.042031249999999964 0.07797916666666667
0 0.611046875 0.017687500000000005 0.04373437500000001 0.035354166666666666
0 0.669015625 0.18347916666666667 0.12495312500000004 0.05583333333333336
0 0.77559375 0.11308333333333334 0.09506249999999997 0.10025
0 0.8608125 0.6151041666666667 0.15787499999999993 0.12279166666666678
0 0.8639531249999999 0.23558333333333337 0.032203124999999846 0.09987500000000002
0 0.49734375000000003 0.6046875 0.04898437500000004 0.10658333333333327
0 0.32010937500000003 0.6317708333333333 0.045218749999999995 0.10058333333333327
0 0.09809375000000001 0.9759166666666667 0.06993749999999999 0.04814583333333336
0 0.84296875 0.9697916666666667 0.0359375 0.06041666666666667
0 0.851796875 0.8841666666666667 0.042624999999999955 0.09610416666666666
0 0.78721875 0.7732500000000001 0.06624999999999996 0.11039583333333335
0 0.509328125 0.1955208333333333 0.04168749999999992 0.11697916666666668
0 0.41420312499999995 0.18949999999999997 0.045890625000000004 0.09566666666666664
0 0.6117343749999999 0.023708333333333335 0.059015624999999974 0.041854166666666665