0 0.19564062499999998 0.6262083333333333 0.0740625 0.12650000000000006
0 0.297375 0.8575208333333334 0.07610937499999997 0.09377083333333332
0 0.21821875 0.8943333333333333 0.07057812500000002 0.06091666666666669
0 0.110578125 0.6613958333333334 0.07754687499999999 0.06724999999999995
0 0.017375 0.7003125 0.033484375 0.07097916666666677
0 0.021718750000000002 0.7621249999999999 0.024796875000000003 0.05110416666666661
0 0.015671875 0.8316041666666667 0.031328125 0.07893749999999997
0 0.0170625 0.5961041666666667 0.034109375 0.07554166666666665
0 0.017546875 0.11147916666666666 0.030359375 0.14795833333333333
0 0.29285937500000003 0.35691666666666666 0.03237500000000004 0.06474999999999996
0 0.2918125 0.29091666666666666 0.051125000000000045 0.048499999999999974
0 0.334171875 0.24714583333333331 0.06639062500000001 0.05818750000000002
0 0.28834375 0.08760416666666666 0.08584375 0.04004166666666666
0 0.425296875 0.15639583333333332 0.10628124999999997 0.08037499999999999
0 0.403421875 0.08252083333333333 0.12504687499999995 0.07616666666666667
0 0.7827187500000001 0.32335416666666666 0.10515625000000002 0.20597916666666669
0 0.8998906249999999 0.23560416666666667 0.10407812499999984 0.181375
0 0.600796875 0.6574583333333333 0.071875 0.06400000000000006
0 0.579109375 0.7882916666666666 0.04306249999999991 0.11733333333333344
0 0.539875 0.7878333333333334 0.04376562499999999 0.08862499999999993
0 0.6544375 0.8841458333333333 0.07845312500000005 0.059041666666666735
0 0.7690156250000001 0.8989791666666667 0.07148437500000009 0.07016666666666656
0 0.88515625 0.9697916666666667 0.0578125 0.06041666666666667
0 0.79296875 0.9802083333333333 0.0484375 0.03958333333333333
0 0.9898906249999999 0.3768333333333333 0.0202031250000001 0.18793749999999995