0 0.6459374999999999 0.6141666666666666 0.03714062499999997 0.0838958333333333
0 0.6167812500000001 0.5509583333333333 0.06770312500000006 0.0546875
0 0.53709375 0.8693333333333333 0.079875 0.06645833333333329
0 0.458453125 0.8982708333333334 0.07885937500000004 0.06414583333333326
0 0.39196875000000003 0.9438958333333333 0.06740624999999997 0.05816666666666658
0 0.259171875 0.8278958333333333 0.05529687499999998 0.053000000000000116
0 0.30621875 0.755875 0.055625000000000036 0.0895416666666667
0 0.324453125 0.5984166666666667 0.04695312500000002 0.10795833333333343
0 0.08940624999999999 0.5910208333333333 0.09768750000000001 0.14870833333333333
0 0.3744375 0.46041666666666664 0.07748437500000005 0.09120833333333328
0 0.230015625 0.3409375 0.08584375 0.05593750000000005
0 0.3199375 0.39929166666666666 0.044859374999999965 0.06152083333333339
0 0.311078125 0.2939166666666667 0.09312500000000004 0.1462708333333333
0 0.40465625000000005 0.32797916666666665 0.05595312499999996 0.10408333333333329
0 0.379484375 0.256875 0.04242187499999996 0.08691666666666667
0 0.448921875 0.22308333333333333 0.028515625 0.06558333333333331
0 0.43276562500000004 0.15360416666666668 0.041359375000000045 0.07481249999999999
0 0.511234375 0.13439583333333335 0.10106249999999992 0.08731249999999999
0 0.32653125 0.111 0.08165624999999999 0.13777083333333331
0 0.22393749999999998 0.056583333333333326 0.09245312500000002 0.098375
0 0.022234375 0.10639583333333333 0.043203124999999995 0.16554166666666664
0 0.127765625 0.8697916666666666 0.045953125 0.07664583333333326
0 0.6224999999999999 0.9059375000000001 0.028468750000000043 0.13037500000000007
0 0.647328125 0.92075 0.02603124999999995 0.12297916666666661
0 0.77578125 0.9550833333333333 0.06071874999999993 0.08981250000000003
0 0.6737031250000001 0.7223124999999999 0.05103124999999995 0.10108333333333329
0 0.736890625 0.6438124999999999 0.06628124999999993 0.06908333333333326
0 0.815015625 0.6984583333333333 0.035015625000000036 0.06727083333333325
0 0.745921875 0.7521666666666668 0.05656250000000007 0.06360416666666661
0 0.8035625 0.8133125 0.04682812500000004 0.09327083333333329
0 0.7855000000000001 0.8459583333333334 0.03850000000000007 0.07987500000000007
0 0.9103125000000001 0.6567708333333333 0.08324999999999996 0.057979166666666755
0 0.8203906249999999 0.6123125 0.03535937500000017 0.06166666666666672
0 0.777171875 0.5342916666666666 0.049609375 0.07689583333333326
0 0.731 0.4611041666666667 0.07531250000000007 0.0972291666666667
0 0.6693749999999999 0.46041666666666664 0.045812500000000075 0.09120833333333328
0 0.75303125 0.31477083333333333 0.10898437500000009 0.08231249999999998
0 0.674921875 0.2594375 0.02915624999999995 0.078125
0 0.66884375 0.1501458333333333 0.05518750000000008 0.08175000000000002
0 0.760328125 0.08762500000000001 0.03329687499999991 0.09560416666666666
0 0.819171875 0.09943749999999998 0.043343750000000014 0.1794375
0 0.709984375 0.03714583333333333 0.05067187499999992 0.07427083333333334
0 0.98515625 0.8864583333333333 0.0296875 0.07291666666666667
0 0.97265625 0.9677083333333333 0.0546875 0.06458333333333334