0 0.970265625 0.19820833333333335 0.059453124999999926 0.07977083333333332
0 0.8719374999999999 0.21429166666666666 0.06370312499999997 0.05237500000000003
0 0.64709375 0.33541666666666664 0.073828125 0.11012500000000003
0 0.97153125 0.5217291666666667 0.03964062499999983 0.1375
0 0.918609375 0.37529166666666663 0.06328125 0.10654166666666663
0 0.8364375000000001 0.5178541666666666 0.041796875 0.11189583333333335
0 0.843578125 0.39910416666666665 0.056093750000000143 0.058937500000000045
0 0.767 0.46070833333333333 0.04129687499999992 0.06904166666666664
0 0.8741875 0.7785624999999999 0.1485468749999999 0.0857083333333333
0 0.746234375 0.7333333333333333 0.039953125000000075 0.13810416666666658
0 0.78284375 0.7229166666666667 0.041750000000000044 0.0875
0 0.7120625 0.8535625 0.06537500000000004 0.06429166666666669
0 0.7600781249999999 0.9309583333333333 0.07657812499999998 0.05714583333333323
0 0.63146875 0.8470208333333333 0.08720312499999991 0.06785416666666677
0 0.5472812499999999 0.9122083333333334 0.08403124999999996 0.08512500000000003
0 0.447921875 0.8824375 0.06832812500000003 0.09702083333333343
0 0.07307812500000001 0.8104166666666667 0.14615625000000002 0.08393749999999993
0 0.44434375 0.5 0.06118749999999995 0.07618750000000005
0 0.515796875 0.23987499999999998 0.04337499999999998 0.09166666666666663
0 0.5720625 0.24643750000000003 0.030906249999999958 0.09285416666666668
0 0.355703125 0.43035416666666665 0.070515625 0.10118749999999999
0 0.453515625 0.34791666666666665 0.11076562499999998 0.07560416666666671
0 0.236921875 0.4071458333333334 0.06150000000000002 0.15237499999999998
0 0.13018749999999998 0.3868958333333333 0.07125 0.1357083333333333
0 0.40996875 0.18779166666666666 0.07278125000000002 0.07679166666666663