0 0.32042187499999997 0.17202083333333332 0.07673437500000002 0.14643750000000005
0 0.4028125 0.2767916666666667 0.04060937500000002 0.14166666666666666
0 0.23914062500000002 0.23541666666666666 0.05703125 0.1482083333333333
0 0.098921875 0.4761875 0.0444375 0.05237499999999997
0 0.100484375 0.5738125000000001 0.034171875000000004 0.08095833333333337
0 0.063859375 0.5631041666666667 0.032359374999999996 0.05952083333333344
0 0.142234375 0.6419583333333333 0.050718750000000014 0.04464583333333323
0 0.23781249999999998 0.6523749999999999 0.06328125 0.04762500000000003
0 0.24695312500000002 0.7381041666666667 0.04140625 0.0761875000000001
0 0.06789062500000001 0.8077291666666666 0.10292187500000001 0.0607083333333333
0 0.13443750000000002 0.9434583333333334 0.08420312500000002 0.07022916666666675
0 0.309484375 0.958625 0.11290624999999999 0.08272916666666674
0 0.31037499999999996 0.7452291666666666 0.06109375000000004 0.1142916666666667
0 0.399015625 0.5083333333333333 0.037484375000000014 0.09285416666666671
0 0.49190625 0.6080416666666667 0.04468750000000003 0.08393749999999993
0 0.550640625 0.4678541666666666 0.07732812500000001 0.05952083333333332
0 0.613390625 0.7800625 0.14481249999999993 0.05893749999999993
0 0.69621875 0.8404791666666667 0.06492187499999993 0.04285416666666677
0 0.7225625 0.9270833333333334 0.07298437500000006 0.055354166666666774
0 0.9076718749999999 0.9377916666666667 0.09945312500000014 0.10060416666666659
0 0.73909375 0.49404166666666666 0.06137499999999996 0.06429166666666669
0 0.7455625 0.41429166666666667 0.034140625000000036 0.07143750000000004
0 0.780171875 0.46339583333333334 0.03639062499999994 0.04464583333333335
0 0.8953906249999999 0.48987499999999995 0.03468750000000007 0.06785416666666665
0 0.8033906249999999 0.7258958333333333 0.04712500000000004 0.08154166666666664
0 0.562015625 0.22977083333333334 0.06885937500000008 0.05952083333333332
0 0.434078125 0.20714583333333333 0.049562500000000044 0.06189583333333335