0 0.16590625 0.40564583333333337 0.05340625000000001 0.13154166666666664
0 0.272203125 0.8642916666666667 0.08742187499999998 0.1857083333333333
0 0.072359375 0.8410624999999999 0.05826562499999999 0.05595833333333336
0 0.01484375 0.8604166666666667 0.0296875 0.0625
0 0.119234375 0.9428541666666667 0.05382812499999999 0.10477083333333326
0 0.18846875000000002 0.5631041666666667 0.11192187499999999 0.08333333333333333
0 0.359953125 0.9127916666666667 0.06203124999999998 0.07439583333333341
0 0.44121875 0.8892916666666667 0.08173437499999991 0.09285416666666677
0 0.570734375 0.45416666666666666 0.07287499999999998 0.06785416666666665
0 0.671875 0.602375 0.03856249999999992 0.09047916666666657
0 0.5408125 0.7618958333333333 0.09340624999999995 0.1
0 0.522046875 0.8625 0.03801562500000007 0.0511875000000001
0 0.60490625 0.8383958333333333 0.11890625000000003 0.056541666666666636
0 0.601546875 0.8892916666666667 0.07200000000000006 0.045229166666666744
0 0.7172031249999999 0.9645833333333333 0.08012499999999996 0.07083333333333333
0 0.852078125 0.2577291666666667 0.06412499999999995 0.055958333333333304
0 0.79759375 0.2761875 0.06231249999999999 0.08095833333333337
0 0.896734375 0.3142916666666667 0.0998906250000001 0.06189583333333329
0 0.9621562499999999 0.44166666666666665 0.04767187499999999 0.12618749999999998
0 0.88378125 0.5925625 0.04718750000000007 0.12439583333333334
0 0.957015625 0.614875 0.06867187500000008 0.07977083333333326
0 0.9524062499999999 0.7181458333333333 0.09517187500000013 0.07797916666666656
0 0.9769687499999999 0.05445833333333334 0.04606250000000003 0.07202083333333333
0 0.9847812499999999 0.17679166666666665 0.030437500000000027 0.10833333333333334
0 0.98125 0.365625 0.0375 0.07291666666666667