0 0.77146875 0.14881250000000001 0.08595312499999999 0.08810416666666665
0 0.8100937500000001 0.3026875 0.05159374999999997 0.15179166666666669
0 0.7993750000000001 0.4595208333333333 0.08374999999999995 0.09047916666666668
0 0.668984375 0.35922916666666665 0.12653125000000004 0.11012500000000003
0 0.619859375 0.14522916666666666 0.06398437500000007 0.08095833333333331
0 0.44210937499999997 0.29404166666666665 0.04778125000000007 0.09285416666666665
0 0.35325 0.927375 0.057546874999999977 0.14522916666666674
0 0.496375 0.6601250000000001 0.08935937499999991 0.075
0 0.6359375 0.6071458333333334 0.09614062499999995 0.1
0 0.9108124999999999 0.8392916666666667 0.15035937500000002 0.0881041666666666
0 0.8706093750000001 0.9574374999999999 0.08781250000000007 0.08035416666666677
0 0.591703125 0.547625 0.0012343749999999432 0.019041666666666637