0 0.494671875 0.03066666666666667 0.027234374999999922 0.060375
0 0.411453125 0.11902083333333334 0.05221874999999998 0.040729166666666664
0 0.36615625 0.15116666666666667 0.027890625000000037 0.051041666666666666
0 0.32878124999999997 0.14627083333333332 0.037812499999999985 0.04122916666666665
0 0.23690625 0.025770833333333333 0.027078124999999974 0.050562499999999996
0 0.40443749999999995 0.1783125 0.02112499999999997 0.06939583333333334
0 0.400953125 0.2597916666666667 0.03534375000000001 0.08714583333333335
0 0.6208437499999999 0.047 0.060609374999999945 0.044770833333333336
0 0.673359375 0.2121875 0.04764062500000001 0.08874999999999998
0 0.5660624999999999 0.2099791666666667 0.029703124999999986 0.03187500000000002
0 0.5305 0.22670833333333332 0.028171874999999957 0.037104166666666674
0 0.167765625 0.03791666666666667 0.01976562500000001 0.07583333333333334
0 0.17668750000000003 0.17991666666666667 0.055187500000000014 0.040333333333333304
0 0.10132812499999999 0.2378125 0.053312500000000006 0.031062499999999993
0 0.21496875000000001 0.25314583333333335 0.029484375000000007 0.06172916666666669
0 0.175171875 0.2654375 0.026734374999999977 0.030666666666666693
0 0.099671875 0.3681041666666667 0.046953125 0.041541666666666664
0 0.0545625 0.34612499999999996 0.035421875000000005 0.05002083333333331
0 0.188046875 0.4066458333333333 0.04217187500000001 0.05808333333333333
0 0.23328125000000002 0.43164583333333334 0.03887499999999999 0.04356250000000005
0 0.0998125 0.4842916666666667 0.032124999999999994 0.04800000000000004
0 0.12190625 0.5292708333333334 0.021859375000000014 0.06131249999999996
0 0.14264062500000002 0.5244375 0.023984374999999992 0.06777083333333339
0 0.10012499999999999 0.5964375000000001 0.02668750000000001 0.046395833333333296
0 0.12084375 0.6131875 0.028812499999999998 0.05164583333333326
0 0.17578125 0.6472708333333334 0.05700000000000001 0.051229166666666735
0 0.19289062500000004 0.7202916666666667 0.03975000000000002 0.07625000000000005
0 0.072890625 0.7309791666666666 0.05692187499999999 0.02904166666666678
0 0.054718750000000003 0.7479166666666667 0.03270312499999999 0.030666666666666724
0 0.08937500000000001 0.7652708333333333 0.026374999999999992 0.04114583333333333
0 0.11646875000000001 0.8124791666666666 0.095703125 0.030666666666666724
0 0.10859375 0.84575 0.04364062500000001 0.028645833333333332
0 0.15353125 0.847375 0.03367187500000002 0.047999999999999925
0 0.31984375 0.882875 0.04256250000000002 0.0544583333333333
0 0.317578125 0.9431666666666667 0.03499999999999996 0.05002083333333331
0 0.28046875 0.978125 0.0453125 0.04375
0 0.317890625 0.6839791666666667 0.09007812499999997 0.06816666666666672
0 0.41034375 0.7321875 0.060171874999999986 0.055666666666666725
0 0.5135468750000001 0.7858541666666666 0.04268750000000008 0.041958333333333306
0 0.596625 0.8183125 0.03639062499999994 0.03833333333333329
0 0.600421875 0.8834791666666667 0.06514062500000009 0.059708333333333266
0 0.31840625 0.325 0.04879687500000003 0.03895833333333331
0 0.377515625 0.350875 0.04029687500000003 0.056208333333333374
0 0.34634375 0.41122916666666665 0.02190624999999997 0.05966666666666664
0 0.42421875 0.35104166666666664 0.038000000000000075 0.05310416666666669
0 0.47453124999999996 0.3037916666666666 0.022250000000000013 0.04827083333333337
0 0.51515625 0.2876041666666667 0.04659375000000008 0.036562500000000026
0 0.515671875 0.31277083333333333 0.03728125000000002 0.024833333333333367
0 0.542453125 0.38052083333333336 0.023062499999999986 0.08793749999999996
0 0.5376562500000001 0.46156250000000004 0.02435937500000005 0.06379166666666668
0 0.41206250000000005 0.5419166666666667 0.03332812500000002 0.05206250000000002
0 0.379984375 0.5036458333333333 0.027109375000000036 0.03758333333333338
0 0.6000156249999999 0.2815625 0.030093749999999985 0.0762083333333333
0 0.651890625 0.3612083333333333 0.017453124999999937 0.04931250000000003
0 0.654859375 0.42914583333333334 0.025984374999999994 0.0817291666666667
0 0.643859375 0.5720833333333334 0.027281250000000055 0.04689583333333332
0 0.680609375 0.5624375 0.04903124999999999 0.055166666666666704
0 0.756921875 0.55725 0.03096875000000008 0.06552083333333338
0 0.704015625 0.29620833333333335 0.031187500000000055 0.06068749999999999
0 0.7315 0.23414583333333333 0.03185937499999998 0.04689583333333332
0 0.777296875 0.21139583333333334 0.025156250000000036 0.042750000000000024
0 0.8295625 0.13535416666666666 0.02828124999999986 0.05414583333333334
0 0.8930624999999999 0.03758333333333333 0.021343750000000127 0.04000000000000001
0 0.8186875 0.19447916666666665 0.025187499999999828 0.029645833333333312
0 0.868625 0.17845833333333333 0.078515625 0.02585416666666666
0 0.8668125 0.20777083333333335 0.038671875 0.02516666666666669
0 0.858796875 0.2970833333333333 0.06918749999999996 0.03137500000000001
0 0.9226875 0.25052083333333336 0.057328125000000084 0.06931249999999999
0 0.8519375 0.3424166666666667 0.037359375000000125 0.04274999999999996
0 0.974046875 0.32035416666666666 0.022953125000000085 0.053791666666666654
0 0.9872343750000001 0.3488125 0.023484374999999957 0.05206250000000002
0 0.96171875 0.5510416666666667 0.0765625 0.06041666666666667
0 0.93253125 0.6553541666666667 0.056296874999999955 0.06516666666666661
0 0.9630468750000001 0.720375 0.03459375000000016 0.06758333333333345
0 0.9577500000000001 0.7793333333333333 0.03692187500000017 0.05447916666666662
0 0.8018750000000001 0.7436458333333333 0.06915624999999999 0.048625000000000064
0 0.86875 0.823125 0.024437500000000157 0.0524166666666666
0 0.933171875 0.9041666666666667 0.044656249999999884 0.028270833333333436
0 0.9115624999999999 0.9272708333333333 0.04024999999999999 0.02620833333333342
0 0.9126093750000001 0.9486458333333334 0.08576562500000015 0.03862499999999992
0 0.8290312500000001 0.6341666666666667 0.035531250000000014 0.033104166666666636
0 0.75296875 0.6631250000000001 0.028250000000000063 0.09104166666666676
0 0.026453125 0.6297291666666667 0.048562499999999995 0.07108333333333335
0 0.02278125 0.7076250000000001 0.03803125 0.031062499999999934
0 0.01878125 0.7423125 0.0306875 0.046812500000000055
0 0.140140625 0.7680625 0.04607812500000001 0.032770833333333374