0 0.554890625 0.4595208333333333 0.14387500000000006 0.1142916666666667
0 0.5493125 0.7690416666666666 0.05139062499999998 0.1904791666666668
0 0.49793750000000003 0.6074375 0.07907812500000003 0.11845833333333336
0 0.8022812500000001 0.760125 0.04935937499999996 0.10833333333333334
0 0.901203125 0.8080416666666667 0.09095312500000005 0.1267916666666667
0 0.218609375 0.4440416666666666 0.05165625 0.08333333333333333
0 0.048015625 0.49464583333333334 0.049765625 0.10118750000000004
0 0.10740625 0.4738125 0.07034375000000001 0.11904166666666664
0 0.06231250000000001 0.21458333333333332 0.06048437499999999 0.21368749999999997
0 0.22240625 0.059520833333333335 0.05479687499999999 0.11904166666666667
0 0.37535937500000005 0.03602083333333333 0.10625000000000004 0.07083333333333333
0 0.36307812500000003 0.10089583333333334 0.05934375000000003 0.04583333333333333
0 0.46375 0.016666666666666666 0.05625 0.03333333333333333
0 0.561125 0.08570833333333333 0.03134374999999991 0.08095833333333333
0 0.5908125 0.135125 0.03270312499999992 0.07262499999999998
0 0.788 0.16220833333333334 0.12795312499999997 0.06131250000000001
0 0.9524062499999999 0.21785416666666665 0.09517187500000013 0.08333333333333333
0 0.79915625 0.06695833333333333 0.10562500000000004 0.08512499999999999
0 0.27912499999999996 0.7467291666666667 0.14146875000000003 0.0636875000000001
0 0.08353125 0.8068541666666668 0.107390625 0.05297916666666656