0 0.32253125 0.8658541666666667 0.06743750000000004 0.05487500000000007
0 0.24876562500000002 0.8959583333333333 0.07612499999999996 0.06879166666666663
0 0.18262499999999998 0.9425 0.07232812500000001 0.04612499999999997
0 0.04878125 0.8255625 0.0650625 0.05762499999999993
0 0.099484375 0.7547291666666667 0.05532812499999999 0.08443749999999994
0 0.116140625 0.5975 0.04700000000000001 0.10610416666666657
0 0.16595312499999998 0.4650416666666667 0.08065624999999998 0.08195833333333329
0 0.025390625 0.3312083333333333 0.05078125 0.04574999999999996
0 0.0819375 0.3532083333333333 0.051515624999999995 0.0573333333333333
0 0.123265625 0.3013333333333333 0.04387500000000002 0.06470833333333334
0 0.09653125 0.25758333333333333 0.05290625000000001 0.05589583333333336
0 0.18921875 0.3400208333333333 0.04524999999999999 0.12077083333333327
0 0.16978125 0.26614583333333336 0.03968750000000001 0.0869166666666667
0 0.23765624999999999 0.22052083333333333 0.04835937499999998 0.07439583333333336
0 0.216828125 0.16033333333333333 0.040031250000000004 0.08360416666666666
0 0.297015625 0.13345833333333335 0.09625000000000003 0.06691666666666668
0 0.13159375 0.13068749999999998 0.08831250000000002 0.13545833333333332
0 0.03515625 0.058333333333333334 0.0703125 0.11666666666666667
0 0.5405625 0.31385416666666666 0.10070312500000007 0.08045833333333334
0 0.47182812500000004 0.2594375 0.04656249999999993 0.0966458333333333
0 0.45846875000000004 0.4567083333333333 0.03996875000000007 0.09491666666666668
0 0.4135 0.5947291666666668 0.06879687499999995 0.13760416666666664
0 0.456546875 0.7105 0.05767187499999995 0.09135416666666671
0 0.51678125 0.642875 0.08439062499999998 0.06722916666666663
0 0.57459375 0.5331250000000001 0.05764062499999998 0.07920833333333335
0 0.5202656250000001 0.46689583333333334 0.04967187499999994 0.08564583333333337
0 0.6035781250000001 0.6065208333333333 0.04965624999999996 0.05470833333333332
0 0.5334531250000001 0.7456875000000001 0.04828124999999996 0.06914583333333321
0 0.592640625 0.8098333333333334 0.05209375000000005 0.08168750000000008
0 0.570078125 0.8498958333333333 0.041671874999999935 0.08310416666666663
0 0.40759375000000003 0.9075624999999999 0.022281249999999985 0.15677083333333333
0 0.43589062500000003 0.9096458333333334 0.040671874999999955 0.13779166666666665
0 0.57059375 0.937875 0.03229687499999993 0.09241666666666669
0 0.61121875 0.7651249999999999 0.023265624999999977 0.052500000000000095
0 0.604625 0.693125 0.030906249999999958 0.07050000000000006
0 0.7014843749999999 0.6581666666666667 0.07879687499999992 0.07002083333333337
0 0.785328125 0.6215833333333334 0.05551562499999996 0.11724999999999994
0 0.8026875 0.8964166666666666 0.07632812499999994 0.060437499999999984
0 0.8861874999999999 0.8552083333333333 0.08707812500000003 0.09839583333333338
0 0.878546875 0.35991666666666666 0.0440312500000001 0.06614583333333333
0 0.8778593750000001 0.3015625 0.042640624999999946 0.060541666666666674
0 0.9215937500000001 0.25016666666666665 0.060687499999999873 0.05958333333333332
0 0.607921875 0.100125 0.05485937500000002 0.1669375
0 0.54734375 0.08252083333333333 0.04828124999999996 0.09468750000000001
0 0.48796875 0.03897916666666667 0.03371875000000006 0.06316666666666668
0 0.880625 0.08808333333333333 0.08985937499999999 0.050229166666666665
0 0.979484375 0.13439583333333335 0.041031249999999984 0.05025000000000001