0 0.547953125 0.6011875 0.036250000000000074 0.1118958333333334
0 0.50865625 0.5752916666666666 0.02907812500000002 0.1017916666666667
0 0.39053125 0.44464583333333335 0.04731249999999996 0.14404166666666665
0 0.242046875 0.7285625 0.04051562500000001 0.08095833333333337
0 0.197171875 0.7892916666666667 0.044500000000000005 0.05952083333333344
0 0.137765625 0.7633958333333334 0.04178125000000001 0.09702083333333343
0 0.127953125 0.8488125 0.057859375000000005 0.08333333333333333
0 0.11165624999999998 0.627375 0.0654375 0.06904166666666664
0 0.698015625 0.9139791666666667 0.1756718750000001 0.10060416666666659
0 0.633921875 0.3842291666666667 0.114453125 0.08868749999999999
0 0.42601562499999995 0.08570833333333333 0.07368749999999995 0.15714583333333335
0 0.68503125 0.03272916666666667 0.10924999999999993 0.060708333333333336
0 0.957015625 0.3559583333333334 0.032937499999999884 0.09762500000000003
0 0.985890625 0.4047708333333333 0.02820312499999993 0.07618749999999999
0 0.937375 0.4395833333333333 0.11867187500000007 0.04464583333333335
0 0.9286562500000001 0.50625 0.0610468749999999 0.08272916666666669