0 0.6933125 0.9493958333333333 0.08143750000000001 0.08214583333333322
0 0.55353125 0.9720208333333333 0.060812499999999936 0.05595833333333336
0 0.854296875 0.8026875 0.041796875 0.12797916666666656
0 0.41085937499999997 0.6872083333333333 0.09242187499999996 0.18272916666666675
0 0.290734375 0.7077291666666666 0.07537500000000001 0.17022916666666674
0 0.28046875 0.9729166666666667 0.0921875 0.05416666666666667
0 0.694203125 0.07708333333333334 0.08323437499999997 0.06964583333333335
0 0.5624687500000001 0.21070833333333333 0.09654687499999995 0.0690416666666667
0 0.501953125 0.10833333333333334 0.04246874999999992 0.07856250000000002
0 0.44678125 0.0300625 0.054468750000000024 0.060125
0 0.47603125 0.022625 0.04507812500000004 0.04522916666666667
0 0.45975 0.14731249999999999 0.05181249999999995 0.05297916666666668
0 0.40304687499999997 0.09672916666666667 0.05445312500000003 0.07320833333333333
0 0.35748437499999997 0.08214583333333333 0.038359375000000015 0.16429166666666667
0 0.323765625 0.033937499999999995 0.03714062499999997 0.058333333333333334
0 0.305015625 0.16429166666666667 0.032515625000000006 0.11904166666666668
0 0.2639375 0.23541666666666666 0.07535937500000003 0.05297916666666668
0 0.296078125 0.26547916666666665 0.032515625000000006 0.13095833333333337
0 0.189796875 0.18333333333333332 0.05209374999999998 0.0857083333333333
0 0.137328125 0.11547916666666667 0.04982812500000002 0.11666666666666668
0 0.151609375 0.22529166666666667 0.04268749999999999 0.09227083333333332
0 0.100484375 0.3964375 0.08775 0.08333333333333333
0 0.02421875 0.3541666666666667 0.0484375 0.07083333333333333
0 0.278234375 0.4345208333333333 0.06464062500000001 0.11666666666666667
0 0.26973437499999997 0.5261875 0.07804687499999999 0.12856250000000002
0 0.203421875 0.3872083333333334 0.057015625000000014 0.10654166666666663
0 0.5396875 0.4830416666666667 0.006312499999999943 0.0006041666666667093