0 0.794875 0.7359791666666666 0.05029687500000009 0.1701041666666666
0 0.9214218750000001 0.6924375 0.03603124999999992 0.10154166666666668
0 0.961171875 0.781125 0.07039062499999993 0.09835416666666674
0 0.97340625 0.9170416666666666 0.05318749999999994 0.0414791666666666
0 0.9531875 0.9712916666666668 0.08914062499999993 0.05741666666666655
0 0.91934375 0.5058125 0.059640625000000114 0.1264375
0 0.8486874999999999 0.15639583333333332 0.0815312500000001 0.06185416666666666
0 0.69228125 0.11935416666666666 0.04998437500000001 0.11739583333333335
0 0.6467968749999999 0.21427083333333333 0.07707812500000007 0.05354166666666664
0 0.575796875 0.19458333333333336 0.09132812500000007 0.041020833333333326
0 0.48674999999999996 0.20685416666666667 0.06946875000000005 0.04241666666666664
0 0.48362499999999997 0.263125 0.1118281249999999 0.06699999999999999
0 0.478078125 0.3499583333333333 0.04517187499999995 0.07864583333333333
0 0.402734375 0.3372291666666667 0.09587500000000002 0.048520833333333374
0 0.3175 0.3596875 0.08860937499999996 0.051791666666666694
0 0.20015624999999998 0.30552083333333335 0.10392187499999998 0.10083333333333332
0 0.39509375 0.22074999999999997 0.06671875000000002 0.07764583333333336
0 0.362640625 0.15754166666666666 0.040000000000000036 0.05952083333333332
0 0.031640625 0.109375 0.06326562500000002 0.05579166666666667
0 0.030734375 0.35389583333333335 0.056734375000000004 0.06335416666666673
0 0.43432812500000006 0.4252083333333333 0.08267187499999995 0.05783333333333331
0 0.33468749999999997 0.5104375 0.11256250000000004 0.06160416666666671
0 0.384515625 0.6276041666666666 0.09067187500000004 0.08297916666666676
0 0.5015 0.6005 0.11217187499999995 0.07416666666666671
0 0.5308437500000001 0.6833958333333333 0.09515624999999997 0.0788333333333334
0 0.528578125 0.8536041666666667 0.07468749999999993 0.0682708333333333
0 0.5389999999999999 0.9249166666666666 0.08717187499999994 0.0664791666666666
0 0.6584218749999999 0.8133125 0.13157812500000005 0.13033333333333322
0 0.4681875 0.9334791666666666 0.042750000000000024 0.11604166666666677
0 0.4175 0.9383333333333332 0.05248437500000005 0.08408333333333336
0 0.112671875 0.8781458333333333 0.095609375 0.11183333333333323
0 0.18089062499999997 0.9770833333333333 0.06190624999999998 0.04583333333333333
0 0.47651562500000005 0.7952291666666667 0.07329687499999996 0.06639583333333335