0 0.36531250000000004 0.7202291666666666 0.09060937500000002 0.0881041666666666
0 0.526078125 0.8050625 0.07284375000000001 0.08512500000000003
0 0.6703125 0.9520833333333333 0.103125 0.09583333333333334
0 0.23357812500000003 0.6508958333333333 0.157515625 0.07439583333333341
0 0.23021875 0.9541666666666667 0.07489062500000002 0.09166666666666666
0 0.037078125 0.7071458333333334 0.050203125 0.10952083333333344
0 0.055843750000000004 0.23570833333333333 0.10559375 0.09522916666666668
0 0.3454375 0.41429166666666667 0.10890624999999998 0.14285416666666664
0 0.22553125000000002 0.08897916666666666 0.06996875000000002 0.06964583333333332
0 0.264828125 0.22291666666666668 0.059281249999999994 0.11131250000000001
0 0.321984375 0.12172916666666667 0.06646875000000003 0.07560416666666668
0 0.3976875 0.122625 0.06160937500000001 0.08333333333333333
0 0.5879218749999999 0.18333333333333332 0.04921875 0.13333333333333333
0 0.57675 0.29672916666666665 0.05368750000000002 0.09227083333333334
0 0.7402031250000001 0.48125 0.041281249999999936 0.08035416666666666
0 0.8033906249999999 0.460125 0.08285937499999996 0.10356249999999996
0 0.761859375 0.21339583333333334 0.062281250000000024 0.21131250000000001
0 0.8277187500000001 0.0464375 0.03368749999999991 0.09285416666666668
0 0.927296875 0.075 0.057734375000000074 0.13095833333333334
0 0.684609375 0.056854166666666664 0.059562500000000004 0.10060416666666668
0 0.535015625 0.0488125 0.06567187499999996 0.0785625
0 0.470921875 0.05625 0.04735937499999991 0.0875
0 0.362390625 0.0300625 0.03576562499999998 0.060125