0 0.22532812500000002 0.18116666666666664 0.10910937499999998 0.09752083333333333
0 0.134375 0.3249583333333333 0.06609375000000002 0.06564583333333332
0 0.06215625 0.2937083333333333 0.060546875 0.09110416666666668
0 0.254140625 0.41527083333333337 0.09035937499999998 0.07033333333333332
0 0.382421875 0.4025208333333333 0.12817187499999996 0.058749999999999976
0 0.465921875 0.4224375 0.05559375000000007 0.052291666666666715
0 0.5843125 0.4622708333333333 0.13264062499999998 0.05787499999999994
0 0.49040625000000004 0.22447916666666667 0.05384375000000006 0.16656249999999997
0 0.5777187500000001 0.37243750000000003 0.04306249999999991 0.10041666666666664
0 0.5357031250000001 0.37195833333333334 0.03543749999999992 0.10874999999999997
0 0.857546875 0.38887499999999997 0.07493750000000006 0.06383333333333331
0 0.980859375 0.34739583333333335 0.03828125 0.12083333333333333
0 0.9229843750000001 0.4048333333333333 0.04957812500000003 0.05412500000000004
0 0.945546875 0.31014583333333334 0.04609375 0.07306249999999999
0 0.96290625 0.16495833333333335 0.06692187499999988 0.1299375
0 0.853375 0.1008125 0.08048437499999998 0.08033333333333334
0 0.9077187500000001 0.050083333333333334 0.06429687500000014 0.09983333333333334
0 0.8314999999999999 0.025104166666666667 0.057578124999999855 0.05018749999999999
0 0.493171875 0.6966041666666667 0.05106249999999992 0.08208333333333329
0 0.5568906250000001 0.7510208333333334 0.07084375000000005 0.06591666666666664
0 0.7231875 0.6417291666666666 0.09371875000000003 0.1696041666666666
0 0.892953125 0.9186666666666666 0.06242187500000007 0.0863958333333334
0 0.594546875 0.92075 0.22601562499999997 0.0674166666666667
0 0.486921875 0.8341458333333333 0.03857812500000009 0.07012499999999994
0 0.423921875 0.8894791666666666 0.07573437500000005 0.055812499999999925
0 0.3753125 0.7908333333333334 0.103515625 0.09002083333333341
0 0.347359375 0.9297708333333333 0.06500000000000003 0.07158333333333336
0 0.18696875 0.9607916666666667 0.09142187499999999 0.05029166666666664
0 0.0734375 0.862625 0.12131249999999998 0.09468750000000009