0 0.639734375 0.3511875 0.09926562499999995 0.18333333333333332
0 0.78509375 0.275 0.12660937500000005 0.19762500000000002
0 0.8891406249999999 0.45118749999999996 0.057906249999999916 0.16904166666666665
0 0.95746875 0.3532708333333333 0.06062499999999993 0.0982083333333333
0 0.8670312499999999 0.8345208333333333 0.044937499999999984 0.1261875000000001
0 0.9836562499999999 0.9645833333333333 0.03267187500000013 0.07083333333333333
0 0.462 0.9764791666666667 0.10093750000000004 0.047020833333333435
0 0.38853125 0.8764791666666666 0.04775 0.10893749999999992
0 0.346546875 0.8565416666666666 0.035218750000000035 0.06310416666666659
0 0.41196875000000005 0.7303541666666666 0.072328125 0.07262500000000002
0 0.053828125000000004 0.9083333333333333 0.0703125 0.08333333333333333
0 0.089546875 0.3223125 0.03460937500000001 0.060125000000000026
0 0.09623437500000001 0.2592291666666667 0.039078125 0.05297916666666668
0 0.143796875 0.21131250000000001 0.05831249999999999 0.08214583333333335
0 0.27465625 0.1125 0.13253125 0.12262500000000001
0 0.241609375 0.03810416666666667 0.13785937500000003 0.07618750000000002
0 0.099109375 0.028270833333333335 0.138203125 0.051791666666666666