0 0.241828125 0.3798333333333333 0.04835937499999998 0.09670833333333337
0 0.43503125000000004 0.26683333333333337 0.056296874999999955 0.09293750000000003
0 0.10415624999999999 0.5222291666666666 0.08206250000000001 0.05281249999999999
0 0.026921875 0.5706249999999999 0.04215624999999999 0.07089583333333328
0 0.10034375 0.6252916666666667 0.03971875000000001 0.12464583333333341
0 0.09565625 0.771625 0.06853125000000002 0.1395625
0 0.05659375 0.893875 0.07721875 0.06925000000000002
0 0.141828125 0.8950416666666666 0.07059375000000001 0.1039791666666666
0 0.203625 0.8116875 0.027531250000000007 0.08539583333333335
0 0.218734375 0.8447916666666667 0.019546874999999984 0.06364583333333323
0 0.2708125 0.796625 0.08203125 0.04139583333333334
0 0.2855625 0.8378333333333334 0.06639062500000001 0.04050000000000011
0 0.3253125 0.9434375 0.04520312500000001 0.10354166666666677
0 0.29840625 0.7030833333333334 0.057374999999999954 0.05802083333333338
0 0.36003124999999997 0.6757500000000001 0.05909374999999999 0.049666666666666734
0 0.515921875 0.9302291666666667 0.04446875000000006 0.10029166666666664
0 0.42721875000000004 0.7917708333333333 0.05803124999999998 0.14743749999999997
0 0.547859375 0.6683541666666667 0.08890624999999996 0.16450000000000006
0 0.6403749999999999 0.7074791666666667 0.05381249999999991 0.07143749999999992
0 0.70790625 0.6799375 0.046499999999999986 0.08579166666666656
0 0.8452187500000001 0.8207083333333334 0.13014062499999995 0.08587500000000006
0 0.7924375 0.5514166666666667 0.06626562499999995 0.12043750000000006
0 0.862578125 0.6197291666666668 0.12318749999999987 0.05795833333333344
0 0.8280312500000001 0.6572291666666668 0.1478437499999999 0.04964583333333342
0 0.95778125 0.734125 0.08443749999999994 0.11083333333333342
0 0.8049375 0.2654375 0.06348437500000008 0.06237499999999999
0 0.9080625 0.3937291666666667 0.054437499999999875 0.10597916666666668
0 0.9820781249999999 0.089 0.0358281250000001 0.07060416666666666