0 0.57284375 0.36339583333333336 0.11667187499999994 0.09624999999999997
0 0.501515625 0.3126875 0.039953125000000075 0.10131249999999999
0 0.486921875 0.2029375 0.05245312500000008 0.07622916666666667
0 0.518 0.07975 0.03475000000000002 0.07060416666666666
0 0.578578125 0.13462500000000002 0.04132812500000007 0.08312500000000002
0 0.6405624999999999 0.1501458333333333 0.050687499999999906 0.17437499999999997
0 0.8620625000000001 0.10845833333333334 0.04923437499999998 0.053937499999999985
0 0.9250624999999999 0.13254166666666664 0.09540624999999991 0.04654166666666666
0 0.9665625 0.29739583333333336 0.056859375000000156 0.07999999999999999
0 0.9278437500000001 0.34370833333333334 0.07317187499999989 0.061499999999999964
0 0.928890625 0.41504166666666664 0.054437499999999875 0.07449999999999998
0 0.82715625 0.6873541666666667 0.05237499999999997 0.1191249999999999
0 0.7348125 0.7329583333333333 0.07599999999999998 0.05756249999999999
0 0.6403749999999999 0.7801875 0.039921874999999926 0.05945833333333326
0 0.6443749999999999 0.8366875 0.023609375000000023 0.042812499999999906
0 0.84590625 0.9759166666666667 0.07598437500000017 0.04814583333333336
0 0.924890625 0.9320833333333333 0.08464062500000011 0.10399999999999991
0 0.608609375 0.9290833333333333 0.04235937500000002 0.08408333333333336
0 0.62753125 0.8971250000000001 0.04895312500000006 0.12204166666666676
0 0.566078125 0.8295208333333334 0.05800000000000001 0.07939583333333336
0 0.563484375 0.7155833333333333 0.09098437500000003 0.06637500000000003
0 0.489703125 0.792 0.04412500000000001 0.10622916666666668
0 0.636734375 0.6727500000000001 0.04998437500000001 0.06679166666666679
0 0.597671875 0.5970416666666666 0.04479687499999994 0.07739583333333329
0 0.55740625 0.5215416666666667 0.06146875000000005 0.08014583333333328
0 0.48293749999999996 0.5196875 0.041000000000000016 0.09864583333333338
0 0.43364062499999995 0.6095416666666666 0.053515625 0.05610416666666656
0 0.4619375 0.6845625 0.03025000000000002 0.09504166666666668
0 0.44075 0.9614999999999999 0.03650000000000002 0.07483333333333325
0 0.47634375 0.9620416666666666 0.03475000000000002 0.07591666666666678
0 0.341984375 0.9489791666666666 0.07853124999999998 0.05908333333333336
0 0.267859375 0.9701458333333334 0.06570312500000001 0.059708333333333266
0 0.10989062499999999 0.834375 0.06228124999999999 0.08447916666666658
0 0.054000000000000006 0.9015208333333333 0.06853125 0.061375000000000075
0 0.132625 0.6639583333333333 0.055671874999999996 0.11402083333333338
0 0.1850625 0.5317291666666666 0.07023437499999999 0.06716666666666662
0 0.116140625 0.4583333333333333 0.04700000000000001 0.054625000000000055
0 0.028859375 0.3958125 0.05771875 0.06847916666666667
0 0.093921875 0.4050625 0.058109375 0.04995833333333337
0 0.11528125 0.3110625 0.03484375000000001 0.056375
0 0.134203125 0.3552916666666667 0.041437500000000016 0.05687500000000002
0 0.20884375 0.3879375 0.044890625 0.09904166666666671
0 0.184359375 0.3089791666666667 0.041078124999999986 0.09389583333333332
0 0.253625 0.27379166666666666 0.03029687499999998 0.06052083333333336
0 0.23904687500000002 0.20779166666666665 0.05668749999999996 0.08133333333333331
0 0.320625 0.1855625 0.10179687499999997 0.07389583333333333
0 0.16821875 0.20616666666666666 0.05392187499999999 0.07345833333333332
0 0.121703125 0.13554166666666667 0.058109375 0.08497916666666665
0 0.174984375 0.10568749999999999 0.04317187499999999 0.10395833333333332
0 0.039234375 0.11008333333333334 0.05639062500000001 0.08033333333333334
0 0.059546875 0.06816666666666667 0.051875000000000004 0.07522916666666667
0 0.09879687499999999 0.0256875 0.08492187500000001 0.051375
0 0.018546874999999997 0.030333333333333337 0.037093749999999995 0.06064583333333333