0 0.8636874999999999 0.9720208333333333 0.08735937500000013 0.05595833333333336
0 0.9769687499999999 0.7059583333333334 0.04606250000000003 0.13095833333333337
0 0.8793124999999999 0.6916666666666667 0.07396874999999987 0.17381250000000012
0 0.5622499999999999 0.70625 0.06482812500000001 0.14939583333333342
0 0.440328125 0.975 0.09779687500000005 0.05
0 0.36440625 0.9618958333333333 0.05309375000000003 0.07143749999999992
0 0.3108125 0.8916666666666667 0.03520312500000004 0.09762500000000003
0 0.2734375 0.93125 0.046875 0.1375
0 0.307703125 0.8175625 0.09146875000000003 0.07439583333333341
0 0.39432812500000003 0.6895833333333333 0.032578125000000034 0.11606250000000008
0 0.441890625 0.6151875 0.06967187500000005 0.060125000000000026
0 0.51646875 0.552375 0.059890625000000065 0.0857083333333333
0 0.42895312499999994 0.5675625 0.09554687499999996 0.07439583333333336
0 0.338953125 0.5833333333333334 0.08254687499999998 0.14762500000000003
0 0.22531249999999997 0.42143749999999996 0.09185937500000001 0.15714583333333335
0 0.07614062499999999 0.275 0.04353125 0.12618749999999998
0 0.066546875 0.37977083333333334 0.0734375 0.07381250000000002
0 0.143359375 0.3095208333333333 0.06634375 0.1
0 0.08529687500000001 0.09285416666666667 0.057374999999999995 0.09522916666666666
0 0.33159375 0.24881250000000002 0.090140625 0.09762500000000003
0 0.496375 0.3607083333333333 0.08935937499999991 0.10714583333333334
0 0.606453125 0.33689583333333334 0.09076562500000004 0.05477083333333337
0 0.6944375 0.3779791666666667 0.08367187499999992 0.07618749999999999
0 0.7929062499999999 0.3764791666666667 0.06185937500000005 0.10297916666666668
0 0.86525 0.4202291666666667 0.06368749999999998 0.10118749999999999
0 0.856546875 0.4973125 0.09539062499999992 0.14227083333333337
0 0.435421875 0.0464375 0.06564062499999998 0.09166666666666666
0 0.7323906250000001 0.10685416666666667 0.04351562500000004 0.09939583333333332
0 0.743546875 0.21429166666666666 0.039046875000000016 0.0940416666666667
0 0.7812812499999999 0.17470833333333333 0.03862500000000004 0.09227083333333332
0 0.86234375 0.21310416666666668 0.06234375000000014 0.044041666666666694
0 0.8920312499999999 0.23779166666666668 0.027984375000000127 0.12320833333333336
0 0.8949374999999999 0.11935416666666666 0.029328124999999972 0.064875
0 0.92284375 0.025604166666666664 0.02648437500000007 0.051187500000000004
0 0.949859375 0.07827083333333333 0.04096875000000004 0.15654166666666666
0 0.9847812499999999 0.08154166666666667 0.030437500000000027 0.07856250000000002