0 0.738640625 0.083625 0.09085937499999996 0.07083333333333333
0 0.7299375 0.18006250000000001 0.047531249999999935 0.12083333333333333
0 0.7149687499999999 0.3232083333333333 0.04885937499999997 0.1868958333333333
0 0.65915625 0.122625 0.05328125000000004 0.08333333333333333
0 0.5982031250000001 0.0988125 0.07870312500000001 0.05952083333333335
0 0.938703125 0.2952291666666667 0.05882812500000014 0.05714583333333335
0 0.97890625 0.2708333333333333 0.0421875 0.07083333333333333
0 0.972640625 0.32708333333333334 0.03742187500000007 0.06964583333333335
0 0.9034375000000001 0.3892916666666667 0.08649999999999984 0.06904166666666664
0 0.912359375 0.44166666666666665 0.08649999999999984 0.05477083333333337
0 0.9482968749999999 0.5702291666666667 0.04678125000000009 0.16904166666666665
0 0.9389218749999999 0.7199375 0.04767187499999999 0.10297916666666657
0 0.832640625 0.4166666666666667 0.0565312500000001 0.12381250000000002
0 0.752046875 0.48512500000000003 0.08192187499999992 0.07262500000000002
0 0.665625 0.4702291666666667 0.07964062500000005 0.06429166666666669
0 0.5934999999999999 0.5690416666666667 0.05592187499999994 0.11904166666666664
0 0.5546562500000001 0.41904166666666665 0.09429687500000003 0.08095833333333337
0 0.64709375 0.7532708333333333 0.055953124999999916 0.06487499999999997
0 0.687515625 0.8321458333333334 0.07876562499999995 0.09762500000000003
0 0.388078125 0.5916666666666667 0.07365624999999998 0.09285416666666677
0 0.3119375 0.5235208333333333 0.06868749999999997 0.08154166666666669
0 0.383390625 0.2705416666666667 0.05087499999999996 0.13035416666666666
0 0.31484375 0.13839583333333336 0.087890625 0.08512500000000002
0 0.18243750000000003 0.20625 0.09540625000000003 0.07797916666666668
0 0.31015625 0.2848125 0.047250000000000014 0.04464583333333335
0 0.15765625 0.4479166666666667 0.07707812499999997 0.08512500000000003
0 0.074140625 0.39464583333333336 0.06184375000000001 0.09166666666666666
0 0.146265625 0.6571458333333333 0.06768749999999998 0.08095833333333337
0 0.1781875 0.7416666666666667 0.04671875000000001 0.10714583333333323
0 0.21815625 0.7220208333333333 0.04184374999999998 0.10356250000000007
0 0.27018749999999997 0.9556458333333333 0.07000000000000002 0.0886875000000001
0 0.197171875 0.8657708333333333 0.06595312499999999 0.1113124999999999
0 0.14581249999999998 0.8470208333333333 0.057859375000000005 0.06785416666666677
0 0.101609375 0.9508958333333334 0.06765625 0.07916666666666666