0 0.6131562500000001 0.9428541666666667 0.09523437500000007 0.08095833333333337
0 0.45149999999999996 0.8631041666666667 0.09334375000000002 0.0881041666666666
0 0.323109375 0.796125 0.13568749999999996 0.07916666666666666
0 0.1255 0.8535625 0.04846875000000002 0.11666666666666667
0 0.099375 0.7506041666666667 0.054265625000000005 0.06547916666666656
0 0.049578125 0.9366041666666667 0.057359375000000004 0.07439583333333341
0 0.01590625 0.6830416666666667 0.031796875 0.11487499999999998
0 0.015859375000000002 0.5589375000000001 0.02115625 0.08689583333333335
0 0.046 0.5547708333333333 0.03234374999999999 0.1142916666666667
0 0.181546875 0.4166666666666667 0.057890625000000015 0.07618749999999999
0 0.109640625 0.35952083333333335 0.04801562499999999 0.08095833333333337
0 0.43184374999999997 0.5631041666666667 0.07189062499999999 0.13095833333333337
0 0.81478125 0.6535624999999999 0.03865625000000002 0.09762500000000003
0 0.860328125 0.622625 0.058328124999999884 0.08333333333333333
0 0.97153125 0.5940416666666667 0.03964062499999983 0.09762500000000003
0 0.832203125 0.42083333333333334 0.04670312500000016 0.12022916666666662
0 0.815453125 0.3089375 0.02659374999999997 0.08689583333333332
0 0.903875 0.2154791666666667 0.04273437499999986 0.10237499999999997
0 0.8552031250000001 0.083625 0.07931249999999998 0.16606250000000003
0 0.9438437499999999 0.1113125 0.055703125000000145 0.072625
0 0.982546875 0.22022916666666664 0.034906249999999875 0.11189583333333335
0 0.747125 0.18929166666666666 0.05959374999999998 0.1452291666666667
0 0.656921875 0.3401875 0.03989062499999996 0.14345833333333335
0 0.649546875 0.46189583333333334 0.04746874999999999 0.11904166666666664
0 0.609578125 0.23810416666666667 0.07021875000000008 0.05237500000000003
0 0.6024375 0.19227083333333334 0.05593749999999993 0.044041666666666694
0 0.554203125 0.23154166666666665 0.04875000000000007 0.09881249999999998
0 0.629671875 0.114875 0.04790624999999995 0.05595833333333332
0 0.680140625 0.08035416666666667 0.06848437500000007 0.058333333333333334
0 0.671203125 0.12647916666666667 0.05060937499999998 0.061312499999999985
0 0.44859375 0.11845833333333333 0.05628124999999997 0.2297708333333333
0 0.481859375 0.2839375 0.068359375 0.08452083333333332
0 0.41442187500000005 0.2776875 0.06384375000000002 0.05416666666666667
0 0.36462500000000003 0.37737499999999996 0.063375 0.11666666666666667
0 0.31596875 0.24910416666666665 0.08567187499999998 0.06845833333333336
0 0.156984375 0.1529791666666667 0.05340625000000001 0.10833333333333334
0 0.08462499999999999 0.15595833333333334 0.05157812499999999 0.05477083333333332
0 0.09334375 0.047625 0.07346875 0.07618749999999999