0 0.035109375 0.13925 0.07021875 0.07387500000000001
0 0.24512499999999998 0.10291666666666667 0.030640625000000022 0.13543750000000002
0 0.36124999999999996 0.19297916666666665 0.03721874999999999 0.08872916666666668
0 0.091671875 0.3819166666666666 0.07095312499999999 0.07772916666666667
0 0.019109375 0.2705416666666667 0.030015625 0.06331249999999997
0 0.087671875 0.5558333333333334 0.045609374999999994 0.133875
0 0.14375 0.5873125 0.036234375 0.12277083333333329
0 0.0859375 0.6560833333333334 0.076859375 0.05195833333333345
0 0.027953125000000002 0.818625 0.05118749999999998 0.07152083333333342
0 0.22376562500000002 0.6727500000000001 0.08168750000000002 0.14089583333333333
0 0.345109375 0.8142291666666667 0.09173437499999997 0.1507083333333334
0 0.5686875 0.9068541666666667 0.05278124999999996 0.13222916666666673
0 0.32792187500000003 0.2770208333333333 0.05389062500000001 0.07627083333333336
0 0.386078125 0.03945833333333334 0.06254687500000004 0.05483333333333333
0 0.4345 0.10152083333333332 0.037890625 0.08635416666666668
0 0.43589062500000003 0.22770833333333332 0.040671874999999955 0.07485416666666668
0 0.39528125 0.22029166666666666 0.035812500000000025 0.09708333333333333
0 0.41176562499999997 0.3096875 0.04448437500000004 0.09991666666666665
0 0.616421875 0.14272916666666668 0.06839062499999997 0.14102083333333332
0 0.710171875 0.1489791666666667 0.04754687499999992 0.10260416666666666
0 0.88565625 0.040854166666666664 0.0409062500000001 0.08168750000000001
0 0.979484375 0.17977083333333335 0.041031249999999984 0.08547916666666668
0 0.8294218750000001 0.136 0.136734375 0.06925000000000002
0 0.7997343750000001 0.20733333333333331 0.07390625000000002 0.052624999999999984
0 0.8578906249999999 0.1983125 0.027015624999999942 0.10402083333333335
0 0.8868750000000001 0.2689375 0.04125000000000014 0.18510416666666663
0 0.9231562500000001 0.27447916666666666 0.046453125000000026 0.06654166666666667
0 0.97578125 0.31354166666666666 0.0484375 0.07708333333333334
0 0.843140625 0.3877291666666667 0.03987499999999997 0.19583333333333333
0 0.798875 0.41827083333333337 0.05828124999999993 0.04858333333333332
0 0.739328125 0.38585416666666666 0.05517187500000009 0.08745833333333337
0 0.68759375 0.329125 0.03921875000000004 0.10827083333333327
0 0.70878125 0.4194375 0.04129687499999992 0.08331250000000003
0 0.8308125000000001 0.6044375 0.06660937500000008 0.06906249999999996
0 0.844875 0.6938333333333334 0.07735937499999998 0.10895833333333324
0 0.76865625 0.5819791666666667 0.06037499999999998 0.10285416666666668
0 0.66571875 0.5796666666666667 0.08018750000000008 0.07043749999999989
0 0.585 0.5602083333333333 0.075 0.05006249999999994
0 0.48865625 0.5850000000000001 0.08995312500000008 0.10424999999999998
0 0.322359375 0.49885416666666665 0.08096874999999999 0.08012500000000002
0 0.50046875 0.7612083333333334 0.06912500000000002 0.08166666666666676
0 0.4096875 0.9080208333333334 0.03962500000000002 0.10677083333333333
0 0.44926562499999995 0.8295 0.06045312500000009 0.05625
0 0.426171875 0.7848124999999999 0.08718749999999997 0.08260416666666662
0 0.861015625 0.8589375 0.06451562499999994 0.15675000000000003
0 0.9690625 0.8144791666666666 0.06187499999999986 0.1974791666666666