0 0.8116562500000001 0.939875 0.07706249999999999 0.06310416666666659
0 0.9052187500000001 0.8997083333333333 0.09006250000000016 0.09583333333333334
0 0.821265625 0.616375 0.08285937499999996 0.12439583333333341
0 0.718546875 0.6526875000000001 0.09173437500000006 0.06606250000000008
0 0.600640625 0.6818541666666668 0.034500000000000065 0.06487499999999997
0 0.59996875 0.7645833333333333 0.028687500000000022 0.051791666666666694
0 0.5836718750000001 0.8083333333333333 0.061281250000000044 0.1357083333333333
0 0.55621875 0.8506041666666667 0.04471875000000001 0.12262500000000003
0 0.518921875 0.741375 0.05856250000000003 0.06487499999999997
0 0.446578125 0.6910624999999999 0.05671874999999993 0.11310416666666659
0 0.50978125 0.6241041666666667 0.09829687499999995 0.08035416666666677
0 0.614484375 0.5881041666666668 0.05326562500000005 0.0857083333333333
0 0.57965625 0.49166666666666664 0.055015625000000054 0.08333333333333333
0 0.5294218749999999 0.402375 0.04829687499999995 0.09522916666666663
0 0.45953125000000006 0.3868958333333333 0.037968749999999926 0.0881041666666667
0 0.42603125000000003 0.56875 0.040640624999999986 0.10060416666666665
0 0.395 0.4776875 0.05623437500000002 0.0732083333333333
0 0.27018749999999997 0.8428541666666667 0.08787500000000001 0.07143749999999992
0 0.367984375 0.9023749999999999 0.04237500000000001 0.14285416666666653
0 0.40437500000000004 0.9118958333333332 0.030343749999999982 0.13810416666666658
0 0.548171875 0.9541666666666667 0.05009375000000009 0.09166666666666666
0 0.183109375 0.8565416666666666 0.08334375000000002 0.08689583333333341
0 0.10406249999999999 0.9071458333333333 0.059171875000000006 0.05714583333333323
0 0.06364062499999999 0.5029791666666666 0.05423437499999999 0.11785416666666672
0 0.12125 0.35833333333333334 0.07125 0.10237499999999997
0 0.060953125 0.2785625 0.03101562500000001 0.0857083333333333
0 0.5667187499999999 0.23929166666666665 0.10950000000000007 0.10237500000000004
0 0.47984375 0.16875 0.04735937499999991 0.08631250000000001
0 0.948078125 0.32708333333333334 0.050796874999999984 0.06964583333333335
0 0.951875 0.26458333333333334 0.05392187499999999 0.051791666666666694
0 0.97890625 0.20104166666666667 0.0421875 0.06458333333333334
0 0.693078125 0.034520833333333334 0.03957812500000006 0.06904166666666667
0 0.478125 0.04479166666666667 0.08125 0.08958333333333333
0 0.1676875 0.22022916666666664 0.06771875000000002 0.09285416666666665
0 0.161453125 0.114875 0.069484375 0.075
0 0.08396875 0.15535416666666665 0.06362499999999999 0.06547916666666669
0 0.032609375 0.22022916666666664 0.04126562500000001 0.06429166666666664