0 0.767 0.5047708333333334 0.07703124999999993 0.08570833333333336
0 0.8120937500000001 0.6747083333333334 0.051156250000000014 0.14583333333333334
0 0.8020625000000001 0.8392916666666667 0.08910937499999996 0.1118958333333334
0 0.7067187500000001 0.7532708333333333 0.07251562499999994 0.06487499999999997
0 0.617625 0.6854166666666667 0.05057812500000001 0.048208333333333304
0 0.647765625 0.9511875 0.07962500000000006 0.09762500000000003
0 0.6165 0.49672916666666667 0.07067187500000002 0.0875
0 0.435640625 0.6717291666666667 0.05715625000000006 0.10416666666666667
0 0.324671875 0.8372083333333333 0.07182812499999995 0.05416666666666667
0 0.23156249999999998 0.81875 0.06864062500000001 0.05297916666666656
0 0.226640625 0.883625 0.08560937500000002 0.051791666666666694
0 0.2514375 0.9764791666666667 0.08606249999999997 0.047020833333333435
0 0.02421875 0.8802083333333334 0.0484375 0.052083333333333336
0 0.1656875 0.303875 0.07529687499999997 0.058937500000000045
0 0.276203125 0.1970208333333333 0.032937499999999974 0.125
0 0.31260937499999997 0.19285416666666666 0.038765625000000005 0.10477083333333331
0 0.40326562499999996 0.24018750000000005 0.06831250000000004 0.06250000000000003
0 0.535671875 0.1 0.04293750000000003 0.08570833333333332
0 0.571171875 0.07410416666666667 0.029109374999999993 0.07560416666666668
0 0.602421875 0.1699375 0.020203124999999923 0.08868749999999999
0 0.306359375 0.08570833333333333 0.06198437500000002 0.05714583333333334
0 0.189359375 0.0550625 0.060125000000000005 0.06131249999999999