0 0.970265625 0.2877916666666666 0.059453124999999926 0.13393750000000004
0 0.715640625 0.3815416666666666 0.05465625000000003 0.16070833333333331
0 0.7674375 0.38064583333333335 0.033265624999999945 0.10535416666666665
0 0.807625 0.43720833333333337 0.02435937499999996 0.15893750000000004
0 0.9724999999999999 0.6904791666666666 0.05500000000000007 0.0761875000000001
0 0.87753125 0.7252916666666667 0.07040624999999992 0.09227083333333326
0 0.9304375 0.8809583333333334 0.06462499999999985 0.1
0 0.83196875 0.9047708333333334 0.06857812500000007 0.05237499999999997
0 0.7571718749999999 0.9550625 0.057375000000000044 0.0756041666666666
0 0.8444843750000001 0.9660624999999999 0.05787499999999994 0.06785416666666677
0 0.97890625 0.9770833333333333 0.0421875 0.04583333333333333
0 0.65134375 0.8291666666666667 0.08678124999999995 0.10356250000000007
0 0.514234375 0.7252916666666667 0.05364062500000007 0.09227083333333326
0 0.5722968749999999 0.739875 0.04474999999999998 0.09166666666666666
0 0.5131249999999999 0.8303541666666666 0.09159375 0.058333333333333334
0 0.407734375 0.8684583333333333 0.09510937500000001 0.0392916666666667
0 0.35481250000000003 0.9330416666666667 0.04728124999999998 0.06727083333333325
0 0.4519375 0.9824375 0.06743749999999996 0.03512500000000003
0 0.23781249999999998 0.9125 0.08114062500000001 0.175
0 0.129734375 0.8735208333333334 0.079296875 0.1625
0 0.42559375 0.7002916666666666 0.07725000000000004 0.08987499999999997
0 0.611140625 0.27708333333333335 0.04209375000000008 0.1363125
0 0.7649843749999999 0.2151875 0.07746875000000006 0.08393749999999998
0 0.42603125000000003 0.2381041666666667 0.05134375000000002 0.07618750000000002
0 0.40326562499999996 0.32887500000000003 0.08617187499999997 0.08512500000000003
0 0.5211718750000001 0.06189583333333334 0.10768749999999994 0.08095833333333333
0 0.4646875 0.11279166666666667 0.14203124999999997 0.06964583333333335
0 0.313515625 0.1238125 0.094140625 0.08570833333333333
0 0.96209375 0.050291666666666665 0.07581249999999998 0.09939583333333335