0 0.059375 0.024104166666666666 0.06589062500000001 0.04820833333333333
0 0.02840625 0.0761875 0.0568125 0.06189583333333333
0 0.07615625000000001 0.2392916666666667 0.150703125 0.08333333333333336
0 0.10987499999999999 0.3232083333333333 0.07971875000000002 0.06785416666666665
0 0.05315625 0.4404791666666667 0.0645 0.05237499999999997
0 0.10584374999999999 0.49970833333333337 0.08060937500000001 0.05772916666666662
0 0.037734375 0.5833333333333334 0.038140625 0.1
0 0.11946874999999998 0.5696458333333333 0.09624999999999999 0.07977083333333332
0 0.06967187500000001 0.6797708333333333 0.03504687500000001 0.10237499999999997
0 0.24340625 0.4732083333333333 0.14143749999999997 0.15356250000000002
0 0.37692187499999996 0.4 0.060250000000000005 0.20952083333333332
0 0.5017343750000001 0.15327083333333333 0.06434374999999992 0.1267916666666667
0 0.501953125 0.3473125 0.060328125000000024 0.11012500000000003
0 0.548171875 0.43272916666666666 0.08224999999999998 0.125
0 0.67790625 0.043458333333333335 0.07295312500000009 0.07977083333333332
0 0.6064375 0.022625 0.05214062500000001 0.04522916666666667
0 0.8071875000000001 0.09464583333333333 0.06812499999999995 0.08689583333333332
0 0.8802031250000001 0.13929166666666667 0.05789062499999993 0.06904166666666668
0 0.6796875 0.22262500000000002 0.040796875000000024 0.09285416666666668
0 0.71540625 0.2919583333333333 0.022953125000000085 0.10654166666666663
0 0.740421875 0.285125 0.03726562500000004 0.11070833333333331
0 0.680578125 0.3892916666666667 0.042578125 0.06904166666666664
0 0.72121875 0.4107083333333333 0.04350000000000005 0.0881041666666667
0 0.7922343749999999 0.4696458333333334 0.06945312500000007 0.075
0 0.8132187500000001 0.5785625 0.04892187499999991 0.1142916666666667
0 0.970265625 0.5038750000000001 0.059453124999999926 0.07797916666666663
0 0.5667187499999999 0.5532708333333333 0.07376562500000006 0.04583333333333333
0 0.46823437500000004 0.6741041666666666 0.041999999999999996 0.10893749999999992
0 0.5446093750000001 0.6118958333333333 0.07867187500000003 0.06189583333333341
0 0.63728125 0.5886875 0.10775000000000005 0.0511875000000001
0 0.604890625 0.625 0.047453125000000006 0.04047916666666656
0 0.6720937499999999 0.6488125 0.052406249999999946 0.06429166666666669
0 0.7024843749999999 0.7131041666666668 0.13101562500000002 0.05
0 0.6837187499999999 0.7636875 0.07562499999999997 0.04404166666666664
0 0.75828125 0.7720208333333333 0.05514062499999994 0.0607083333333333
0 0.946296875 0.9583333333333334 0.06507812500000014 0.06429166666666669