0 0.027515625 0.4988125 0.05503125 0.07381249999999996
0 0.18265625000000002 0.6568541666666667 0.055656250000000004 0.0625
0 0.23312499999999997 0.7178541666666667 0.058375000000000024 0.05952083333333344
0 0.13040625 0.08452083333333334 0.08509375000000001 0.16904166666666667
0 0.229984375 0.11547916666666666 0.043187499999999976 0.16429166666666667
0 0.348328125 0.14047916666666668 0.056656249999999984 0.09522916666666668
0 0.44167187500000005 0.19554166666666667 0.07726562500000007 0.06606250000000001
0 0.37825000000000003 0.5321458333333333 0.036140624999999996 0.06904166666666664
0 0.412640625 0.6116041666666666 0.06026562500000003 0.09583333333333334
0 0.31753125 0.7482083333333333 0.075390625 0.0607083333333333
0 0.41957812499999997 0.7315416666666666 0.11431249999999996 0.0511875000000001
0 0.44614062499999996 0.810125 0.08262499999999999 0.041666666666666664
0 0.35303125 0.9059583333333333 0.11515625000000003 0.054770833333333255
0 0.45506250000000004 0.9145833333333333 0.04690624999999997 0.1375
0 0.5421875 0.9791666666666666 0.071875 0.041666666666666664
0 0.952765625 0.9068541666666667 0.05571875000000013 0.13393749999999993
0 0.510453125 0.658625 0.10409375000000001 0.07797916666666656
0 0.5073125 0.5940416666666667 0.05318749999999994 0.05
0 0.59484375 0.5738125000000001 0.08540624999999995 0.05714583333333323
0 0.664734375 0.6008958333333333 0.07785937500000006 0.08393749999999993
0 0.726578125 0.5083333333333333 0.03635937499999997 0.11666666666666667
0 0.883328125 0.541375 0.09093750000000007 0.06964583333333328
0 0.8054062500000001 0.5193541666666667 0.04668750000000008 0.06131250000000001
0 0.76409375 0.464875 0.039953125000000075 0.06547916666666669
0 0.73909375 0.3943541666666667 0.06137499999999996 0.0732083333333333
0 0.9734375 0.28020833333333334 0.053125 0.13958333333333334
0 0.91971875 0.14522916666666666 0.0610468749999999 0.08095833333333331
0 0.825046875 0.27797916666666667 0.0395624999999999 0.10118749999999999
0 0.8596562499999999 0.2151875 0.05253124999999983 0.06012499999999997
0 0.8424843750000001 0.16904166666666667 0.0833124999999999 0.08095833333333331
0 0.7596406250000001 0.20179166666666665 0.08460937499999996 0.13452083333333328
0 0.655796875 0.058041666666666665 0.07784375000000007 0.10297916666666668
0 0.532109375 0.042854166666666665 0.08937500000000007 0.06666666666666667
0 0.447921875 0.08095833333333333 0.06832812500000003 0.07143749999999999
0 0.094015625 0.38064583333333335 0.06140624999999998 0.12916666666666668
0 0.031984374999999995 0.7434583333333333 0.06395312500000001 0.075