0 0.802734375 0.23689583333333333 0.1127812500000001 0.09762499999999998
0 0.71965625 0.17231249999999998 0.05376562499999995 0.09345833333333332
0 0.8859375 0.0625 0.04375 0.125
0 0.94965625 0.6523749999999999 0.07624999999999993 0.07143749999999992
0 0.843359375 0.5708333333333333 0.04224999999999994 0.08689583333333335
0 0.80853125 0.4892916666666667 0.04400000000000004 0.10237499999999997
0 0.758515625 0.397625 0.051125000000000045 0.10952083333333332
0 0.69621875 0.39137500000000003 0.029203125000000087 0.10297916666666668
0 0.63146875 0.5300625 0.06934375 0.15416666666666667
0 0.752046875 0.6178541666666667 0.09621875000000006 0.07381249999999989
0 0.67521875 0.6892916666666667 0.05687499999999997 0.12143749999999992
0 0.7498125 0.7386874999999999 0.06495312500000008 0.06547916666666656
0 0.8391093749999999 0.7145833333333333 0.029296875 0.09464583333333323
0 0.8062968749999999 0.8217291666666667 0.04846874999999997 0.12320833333333331
0 0.6388281250000001 0.9256041666666667 0.043906250000000036 0.12977083333333325
0 0.600875 0.90625 0.04834375000000009 0.16845833333333335
0 0.5021718749999999 0.8404791666666667 0.07418750000000003 0.0761875000000001
0 0.42135937500000004 0.8657708333333333 0.08215625000000001 0.0875
0 0.3423125 0.9032708333333334 0.05800000000000001 0.07916666666666666
0 0.20521875 0.7538750000000001 0.07845312499999998 0.07797916666666656
0 0.03515625 0.478125 0.0703125 0.20625
0 0.289609375 0.5047708333333333 0.05975000000000001 0.13333333333333328
0 0.368203125 0.37022916666666666 0.07409375000000003 0.10237499999999997
0 0.301 0.2910625 0.03340624999999999 0.09881250000000001
0 0.395 0.2131041666666667 0.041953125000000036 0.1166666666666667
0 0.45975 0.09314583333333333 0.03395312500000003 0.0660625
0 0.572265625 0.0375 0.062437500000000055 0.075
0 0.44725000000000004 0.03333333333333333 0.04467187500000005 0.06666666666666667
0 0.3914375 0.13333333333333333 0.06695312499999999 0.10477083333333331
0 0.312828125 0.1529791666666667 0.07048437500000002 0.10833333333333334