0 0.77146875 0.11814583333333334 0.12884375000000006 0.07797916666666665
0 0.768578125 0.0401875 0.12034374999999997 0.06727083333333335
0 0.6030625 0.016666666666666666 0.17048437500000002 0.03333333333333333
0 0.675 0.20595833333333333 0.07160937500000006 0.08333333333333333
0 0.628328125 0.2598125 0.05415624999999995 0.06606250000000001
0 0.61940625 0.3202291666666667 0.05415624999999995 0.07381250000000002
0 0.9389218749999999 0.7217291666666666 0.05481249999999989 0.061312499999999895
0 0.918609375 0.8651875 0.03828125 0.0982083333333333
0 0.8705937499999999 0.8598125 0.034218750000000145 0.0756041666666666
0 0.832640625 0.7872083333333334 0.0565312500000001 0.0732083333333333
0 0.5774375 0.891375 0.07734375 0.07916666666666666
0 0.50196875 0.9428541666666667 0.09606250000000002 0.05714583333333323
0 0.493921875 0.6142916666666667 0.062109375 0.1142916666666667
0 0.394109375 0.6535624999999999 0.09018749999999995 0.05
0 0.286921875 0.6881041666666667 0.03651562500000001 0.07143749999999992
0 0.28625 0.7616041666666666 0.030718750000000038 0.05772916666666674
0 0.25009375 0.822625 0.05659375000000004 0.1261875000000001
0 0.198515625 0.7464375000000001 0.056109374999999996 0.06904166666666664
0 0.074796875 0.9181458333333333 0.03192187499999999 0.12083333333333333
0 0.038859375 0.8892916666666667 0.035921875000000006 0.1404791666666668
0 0.12146874999999999 0.6833333333333333 0.049359375000000004 0.10952083333333344
0 0.1945 0.6270833333333333 0.092734375 0.07439583333333341
0 0.292515625 0.5845208333333333 0.04321875000000004 0.07856250000000008
0 0.24874999999999997 0.49939583333333337 0.044984375000000035 0.0868958333333333
0 0.199625 0.3958333333333333 0.053874999999999985 0.09404166666666663
0 0.135765625 0.38810416666666664 0.042234375000000005 0.1142916666666667
0 0.094015625 0.5616041666666667 0.043546875000000006 0.11012500000000003
0 0.0705625 0.48839583333333336 0.0546875 0.07083333333333333
0 0.232015625 0.23929166666666665 0.09632812499999999 0.10237500000000004
0 0.155859375 0.14435416666666667 0.03778125000000001 0.09702083333333332
0 0.32465625 0.0464375 0.03534375000000001 0.09285416666666668
0 0.365515625 0.025604166666666664 0.03845312500000002 0.051187500000000004
0 0.019375 0.027083333333333334 0.03875 0.05416666666666667