0 0.9847812499999999 0.221125 0.030437500000000027 0.1434583333333333
0 0.848046875 0.12083333333333333 0.06501562499999984 0.09166666666666666
0 0.735734375 0.052375 0.06807812500000007 0.061895833333333344
0 0.594625 0.12410416666666667 0.07156249999999993 0.05654166666666667
0 0.44725000000000004 0.1297708333333333 0.06253124999999997 0.04999999999999998
0 0.40951562499999994 0.18452083333333333 0.08081250000000004 0.040479166666666684
0 0.22396875 0.32589583333333333 0.08025000000000002 0.1386875
0 0.026625 0.5303541666666667 0.053234375000000014 0.05356250000000002
0 0.0674375 0.7142916666666667 0.075234375 0.0761875000000001
0 0.23512499999999997 0.6470208333333333 0.07578125 0.09643749999999993
0 0.4488125 0.4886875 0.05225000000000009 0.11310416666666664
0 0.5825625 0.4886875 0.0920937499999999 0.0892916666666667
0 0.7149687499999999 0.578875 0.03100000000000005 0.061312499999999895
0 0.774359375 0.6199375 0.03371875000000006 0.060125000000000026
0 0.85075 0.68125 0.11323437500000004 0.08035416666666677
0 0.8196875 0.8940416666666666 0.03954687499999991 0.15
0 0.8871249999999999 0.8791666666666667 0.04048437500000013 0.13214583333333324
0 0.930453125 0.9729166666666667 0.11821875000000012 0.03987499999999997
0 0.695984375 0.9166666666666666 0.033218749999999984 0.14762500000000003
0 0.701125 0.7705416666666667 0.04795312500000008 0.0875
0 0.526515625 0.7154791666666667 0.06481250000000002 0.07856250000000008
0 0.501515625 0.8300625 0.08623437500000009 0.0636875000000001
0 0.36084375 0.7886875 0.13526562500000003 0.07022916666666675
0 0.21637499999999998 0.7607083333333333 0.09185937500000001 0.07381249999999989
0 0.33337500000000003 0.966375 0.09371875000000003 0.0625
0 0.48096875 0.9660624999999999 0.09871874999999992 0.06785416666666677