0 0.040875 0.8857083333333333 0.071203125 0.15714583333333346
0 0.15006250000000002 0.8955416666666667 0.052953125000000024 0.1470208333333332
0 0.260140625 0.927375 0.05437500000000002 0.09762500000000003
0 0.37 0.8488125 0.09553124999999998 0.05952083333333344
0 0.41218750000000004 0.7363125 0.05045312499999999 0.10833333333333334
0 0.48096875 0.7428541666666667 0.045140624999999976 0.10952083333333344
0 0.546609375 0.8366041666666667 0.07821875000000009 0.1125
0 0.671203125 0.9514791666666667 0.05060937499999998 0.09227083333333326
0 0.7656562499999999 0.9645833333333333 0.0296875 0.07083333333333333
0 0.8953906249999999 0.975 0.05254687500000017 0.05
0 0.830859375 0.88125 0.07081249999999999 0.09464583333333323
0 0.7821875 0.725 0.08954687499999991 0.09762500000000003
0 0.9253281250000001 0.6970208333333333 0.13920312499999987 0.07737499999999997
0 0.9724999999999999 0.5014791666666666 0.05500000000000007 0.1684583333333333
0 0.9753281250000001 0.2797708333333333 0.04278125000000017 0.11189583333333332
0 0.8891406249999999 0.2797708333333333 0.07576562500000002 0.1357083333333333
0 0.715640625 0.4357083333333333 0.03679687499999993 0.1618958333333333
0 0.687953125 0.3845208333333333 0.03499999999999996 0.10714583333333334
0 0.6301249999999999 0.3973125 0.057734375000000074 0.1625
0 0.529203125 0.2767916666666667 0.052312500000000026 0.11785416666666665
0 0.669421875 0.19672916666666668 0.06490624999999994 0.05893749999999998
0 0.907890625 0.03810416666666667 0.0954218749999999 0.07618750000000002
0 0.44390625000000006 0.06189583333333334 0.10495312499999998 0.057145833333333326
0 0.3715625 0.11041666666666666 0.12098437499999996 0.06487499999999999
0 0.334265625 0.2381041666666667 0.04190624999999999 0.07618750000000002
0 0.30815625 0.3318541666666667 0.11915624999999999 0.07916666666666666
0 0.3130625 0.43185416666666665 0.06645312499999996 0.06487499999999997
0 0.40617187499999996 0.5514791666666666 0.08751562499999999 0.07797916666666663
0 0.2190625 0.12291666666666666 0.07934374999999998 0.07797916666666668
0 0.11121875 0.072625 0.1270625 0.07856250000000002