0 0.8382343750000001 0.9300625 0.15254687500000008 0.0732083333333333
0 0.846953125 0.8401875000000001 0.13870312499999998 0.10060416666666659
0 0.5979687499999999 0.8556458333333333 0.04700000000000006 0.10297916666666657
0 0.629 0.9095208333333333 0.042109375000000074 0.06189583333333341
0 0.5209374999999999 0.7330416666666667 0.09382812499999993 0.09583333333333334
0 0.402828125 0.8160624999999999 0.12993749999999996 0.053562500000000075
0 0.401484375 0.8821458333333333 0.06473437499999997 0.054770833333333255
0 0.10495312500000001 0.6717291666666667 0.07882812500000001 0.15179166666666669
0 0.203203125 0.7083333333333334 0.06103125 0.06429166666666669
0 0.275984375 0.6735208333333333 0.05482812500000005 0.09583333333333334
0 0.342984375 0.5583333333333333 0.06379687499999998 0.1452291666666667
0 0.386953125 0.6154791666666667 0.040156249999999984 0.045229166666666744
0 0.4535 0.6241041666666667 0.07503124999999997 0.056541666666666636
0 0.345203125 0.65 0.059328125000000044 0.04285416666666677
0 0.420234375 0.6681458333333333 0.06653125000000001 0.04939583333333341
0 0.156078125 0.8166666666666667 0.05162499999999999 0.1142916666666667
0 0.07190625 0.9381041666666667 0.0484375 0.11904166666666664
0 0.361515625 0.2595208333333333 0.069625 0.07143750000000001
0 0.45773437499999997 0.3919583333333333 0.03440624999999997 0.09227083333333337
0 0.652234375 0.35685416666666664 0.05284375000000008 0.12916666666666668
0 0.735515625 0.45060416666666664 0.1078125 0.07977083333333337
0 0.7904375 0.33006250000000004 0.08374999999999995 0.26368749999999996
0 0.7256875 0.3672708333333333 0.07029687500000001 0.0607083333333333
0 0.71921875 0.210125 0.043953124999999996 0.12737500000000004
0 0.7502500000000001 0.12827083333333333 0.05692187499999992 0.052979166666666654
0 0.7759375000000001 0.07708333333333334 0.09489062500000003 0.04583333333333333
0 0.646203125 0.10714583333333333 0.10776562500000005 0.052375
0 0.575421875 0.06935416666666666 0.11351562499999997 0.0660625