0 0.034375 0.035416666666666666 0.06875 0.0625
0 0.16590625 0.09047916666666667 0.05340625000000001 0.06666666666666667
0 0.23199999999999998 0.13570833333333335 0.060609375000000035 0.06189583333333335
0 0.03640625 0.22945833333333338 0.044390625 0.08868750000000002
0 0.07145312499999999 0.2919583333333333 0.02075 0.10654166666666663
0 0.10092187500000001 0.28154166666666663 0.033281250000000005 0.10833333333333334
0 0.039078125000000005 0.3868958333333333 0.049765625 0.0881041666666667
0 0.07748437500000001 0.4035625 0.055140624999999985 0.09285416666666665
0 0.152515625 0.46397916666666666 0.06234375000000001 0.08154166666666664
0 0.17193750000000002 0.5723125 0.05207812500000002 0.13154166666666664
0 0.02215625 0.6526875000000001 0.0443125 0.08987499999999997
0 0.11165624999999998 0.6523749999999999 0.0654375 0.07143749999999992
0 0.059375 0.7145833333333333 0.11875 0.0375
0 0.043328124999999995 0.7631041666666667 0.06271875 0.054770833333333255
0 0.122140625 0.7809583333333333 0.07303125000000002 0.06666666666666667
0 0.37803125 0.8318541666666667 0.058015624999999994 0.10297916666666657
0 0.36084375 0.9068541666666667 0.04595312500000004 0.0625
0 0.295859375 0.9544583333333333 0.07225000000000001 0.0625
0 0.3715625 0.5131041666666667 0.13884375000000002 0.10237500000000004
0 0.5010625 0.5857083333333333 0.09426562500000006 0.10477083333333331
0 0.50909375 0.3047708333333333 0.05676562500000006 0.09047916666666668
0 0.45684375 0.24464583333333334 0.050484374999999915 0.07737499999999997
0 0.416890625 0.0839375 0.05535937499999997 0.11310416666666669
0 0.456171875 0.0261875 0.05539062500000007 0.052375
0 0.5211406249999999 0.034520833333333334 0.05309375000000003 0.06904166666666667
0 0.706703125 0.06904166666666667 0.05465625000000003 0.11904166666666667
0 0.6995625000000001 0.18958333333333333 0.058218749999999986 0.11606250000000001
0 0.65334375 0.6675625000000001 0.086328125 0.08393749999999993
0 0.787546875 0.7357083333333333 0.06453124999999993 0.04762500000000003
0 0.79 0.8303541666666666 0.10964062500000002 0.10595833333333336
0 0.8661406250000001 0.352375 0.04315624999999983 0.09047916666666668
0 0.921296875 0.33570833333333333 0.0686406250000001 0.10477083333333338
0 0.88378125 0.13541666666666666 0.04718750000000007 0.11487499999999999
0 0.8815468750000001 0.041958333333333334 0.051640624999999926 0.08272916666666669
0 0.697546875 0.25685416666666666 0.005078125 0.0006041666666666501