0 0.86546875 0.9577291666666666 0.07307812499999997 0.0511875000000001
0 0.974734375 0.8794583333333333 0.050531249999999875 0.07916666666666666
0 0.62053125 0.9205416666666667 0.08765625000000003 0.05416666666666667
0 0.54146875 0.9017916666666667 0.04562500000000007 0.058333333333333334
0 0.49771875000000004 0.8455416666666667 0.04737500000000008 0.07083333333333333
0 0.46378125 0.8868958333333333 0.05092187500000005 0.1118958333333334
0 0.483875 0.7925625000000001 0.06434374999999992 0.048208333333333304
0 0.42135937500000004 0.975 0.08215625000000001 0.05
0 0.3454375 0.9645833333333333 0.07317187499999997 0.047020833333333435
0 0.25925 0.9794583333333333 0.08831249999999997 0.04106250000000008
0 0.17421875 0.9739583333333334 0.0578125 0.052083333333333336
0 0.12593749999999998 0.9172708333333334 0.040437499999999994 0.06547916666666656
0 0.70603125 0.677375 0.04885937499999997 0.14522916666666674
0 0.9769687499999999 0.6270833333333333 0.04606250000000003 0.16964583333333347
0 0.946515625 0.3985208333333333 0.06106249999999989 0.09345833333333337
0 0.89025 0.3729166666666667 0.06282812500000005 0.11131250000000001
0 0.9547812499999999 0.48333333333333334 0.07312499999999993 0.1142916666666667
0 0.7964687500000001 0.3738125 0.06454687499999992 0.06189583333333329
0 0.728375 0.3580416666666667 0.07565624999999994 0.060125000000000026
0 0.627890625 0.37529166666666663 0.08006250000000001 0.08272916666666662
0 0.65759375 0.5416666666666666 0.06356249999999992 0.08810416666666665
0 0.59440625 0.5547708333333333 0.06842187499999994 0.07143749999999999
0 0.49839062500000003 0.5839375 0.07104687500000004 0.11310416666666664
0 0.5872499999999999 0.5967291666666666 0.061281250000000044 0.04939583333333341
0 0.555765625 0.6690416666666666 0.038484374999999994 0.08095833333333337
0 0.399921875 0.4613125 0.09285937499999997 0.12977083333333336
0 0.19382812500000002 0.6059583333333334 0.08692187500000001 0.07381249999999989
0 0.103390625 0.5428541666666666 0.071234375 0.09047916666666662
0 0.189796875 0.472625 0.05209374999999998 0.06904166666666664
0 0.26884375 0.45118749999999996 0.05839062500000001 0.07381250000000002
0 0.260359375 0.347625 0.03248437500000003 0.10477083333333338
0 0.31996875 0.375 0.049046874999999976 0.11189583333333329
0 0.473375 0.2931458333333333 0.074609375 0.08512500000000003
0 0.10696874999999999 0.27320833333333333 0.06051562499999998 0.08689583333333332
0 0.177296875 0.31310416666666663 0.062796875 0.08333333333333333
0 0.2639375 0.19285416666666666 0.07535937500000003 0.08095833333333337
0 0.180875 0.06577083333333333 0.06995312500000002 0.08272916666666666
0 0.47962499999999997 0.09522916666666667 0.06925000000000008 0.07618750000000002
0 0.5109375 0.028125 0.040625 0.05625
0 0.543265625 0.043458333333333335 0.03132812499999993 0.07977083333333332
0 0.55821875 0.12589583333333335 0.047859374999999996 0.07202083333333335
0 0.58746875 0.042270833333333334 0.039390625000000054 0.077375
0 0.765859375 0.024104166666666666 0.045781249999999926 0.04820833333333333
0 0.8127187499999999 0.14383333333333334 0.03524999999999991 0.09356249999999999
0 0.8314375 0.23102083333333334 0.03496875000000017 0.07075000000000002
0 0.8608750000000001 0.19622916666666665 0.050359375000000026 0.07850000000000001
0 0.9258593749999999 0.22541666666666668 0.052718750000000016 0.04793749999999998
0 0.9577656250000001 0.24629166666666666 0.03534374999999983 0.10516666666666667
0 0.9518125 0.14054166666666665 0.0147343750000001 0.07539583333333333
0 0.971875 0.036458333333333336 0.025 0.07291666666666667
0 0.918328125 0.025708333333333333 0.07243749999999985 0.051416666666666666
0 0.9907812500000001 0.09164583333333334 0.01843749999999993 0.13610416666666666