0 0.1140625 0.6977708333333333 0.09837500000000002 0.20943749999999994
0 0.206921875 0.7253333333333334 0.051484374999999985 0.17658333333333331
0 0.33399999999999996 0.7514791666666666 0.055625000000000036 0.11314583333333346
0 0.42546875 0.831125 0.10315624999999998 0.06875
0 0.42756249999999996 0.696375 0.06567187499999996 0.06772916666666665
0 0.32653125 0.47129166666666666 0.05110937499999997 0.08056250000000004
0 0.503765625 0.3733541666666667 0.05489062499999999 0.08374999999999998
0 0.425125 0.2511041666666667 0.05385937500000004 0.09847916666666666
0 0.41540625000000003 0.14250000000000002 0.14551562499999998 0.052583333333333336
0 0.44475 0.03852083333333333 0.034062499999999926 0.0715
0 0.662609375 0.09920833333333333 0.04268750000000008 0.10952083333333335
0 0.7834218749999999 0.19574999999999998 0.03432812500000004 0.11281250000000001
0 0.7348125 0.27147916666666666 0.07599999999999998 0.08368750000000004
0 0.832203125 0.3110625 0.031187500000000055 0.09343750000000002
0 0.8591093750000001 0.2300208333333333 0.046812500000000055 0.07022916666666669
0 0.815015625 0.22077083333333333 0.035015625000000036 0.10727083333333336
0 0.8608437500000001 0.11031250000000001 0.029453124999999858 0.09470833333333335
0 0.808234375 0.03760416666666667 0.08743750000000006 0.06964583333333334
0 0.646625 0.6627916666666667 0.09407812500000005 0.1348541666666667
0 0.5062031250000001 0.6595416666666666 0.06668749999999993 0.06354166666666666
0 0.50984375 0.5523541666666667 0.04273437500000003 0.1222916666666667
0 0.5660937500000001 0.5794374999999999 0.03021875000000005 0.11629166666666671
0 0.7403593749999999 0.49283333333333335 0.10099999999999998 0.1004791666666667
0 0.9040625 0.5845416666666666 0.07074999999999995 0.09868750000000001
0 0.98121875 0.5655416666666666 0.03756249999999994 0.06997916666666673
0 0.756859375 0.818875 0.08190624999999993 0.14143749999999997
0 0.8301093749999999 0.9019791666666667 0.02703124999999993 0.09008333333333335
0 0.9750624999999999 0.9075624999999999 0.04260937499999997 0.15677083333333333
0 0.9259375000000001 0.7600416666666666 0.051999999999999956 0.08860416666666661
0 0.8450468750000001 0.7771875 0.10548437499999999 0.09510416666666661