0 0.7444375 0.9720208333333333 0.05423437500000006 0.05595833333333336
0 0.40862499999999996 0.8845208333333333 0.04329687500000001 0.08333333333333333
0 0.6171875 0.9697916666666667 0.05 0.06041666666666667
0 0.3139375 0.677375 0.032515625000000006 0.09762500000000003
0 0.276203125 0.6678541666666666 0.032937499999999974 0.07856250000000008
0 0.388078125 0.7270833333333333 0.05579687500000001 0.060125000000000026
0 0.168359375 0.7922708333333334 0.062796875 0.07737499999999997
0 0.1781875 0.5291666666666667 0.04671875000000001 0.051187500000000045
0 0.292515625 0.5511874999999999 0.06109375000000004 0.05952083333333338
0 0.527625 0.5958333333333333 0.026859375000000085 0.0892916666666667
0 0.569390625 0.5732083333333333 0.025546875000000035 0.06785416666666677
0 0.6086875 0.6639791666666667 0.03271875000000009 0.10060416666666659
0 0.612046875 0.4764791666666667 0.07960937500000007 0.04702083333333332
0 0.723453125 0.4892916666666667 0.03903125000000003 0.05477083333333337
0 0.9803124999999999 0.10089583333333334 0.03937500000000007 0.09345833333333334
0 0.46578125000000004 0.083625 0.06834375000000001 0.09464583333333335