0 0.71640625 0.027083333333333334 0.0859375 0.05416666666666667
0 0.6830468749999999 0.32054166666666667 0.06982812500000009 0.11606249999999999
0 0.65625 0.4279791666666667 0.03407812499999992 0.0868958333333333
0 0.8348906250000001 0.446125 0.12351562499999993 0.09345833333333337
0 0.7205625 0.5172708333333332 0.09128124999999994 0.07499999999999994
0 0.95009375 0.6532708333333334 0.06821875000000013 0.1506041666666666
0 0.677015625 0.7809583333333333 0.07115624999999995 0.06666666666666667
0 0.934234375 0.9485208333333334 0.0498906250000001 0.0982083333333333
0 0.567828125 0.8791666666666667 0.07153124999999996 0.08452083333333343
0 0.49971875 0.8267916666666667 0.046937499999999945 0.075
0 0.52115625 0.7345208333333333 0.05409375000000001 0.11666666666666667
0 0.3825 0.44435416666666666 0.06695312500000003 0.14939583333333328
0 0.32287499999999997 0.3047708333333333 0.050390625 0.09047916666666668
0 0.39389062499999994 0.19852083333333334 0.07634374999999997 0.07439583333333336
0 0.44434375 0.164875 0.04332812500000003 0.060708333333333364
0 0.477609375 0.13125 0.05182812499999993 0.07083333333333333
0 0.023671875000000002 0.172625 0.041265625 0.06429166666666664
0 0.03528125 0.3243958333333333 0.04662500000000001 0.16547916666666668
0 0.018578125 0.4785625 0.03715625 0.10477083333333338
0 0.25790625 0.8360208333333333 0.04096875000000004 0.051791666666666694
0 0.19515625 0.8872083333333334 0.06281249999999998 0.05893749999999993
0 0.121703125 0.8279791666666667 0.09893749999999998 0.053562500000000075
0 0.125046875 0.9645833333333333 0.09223437500000001 0.07083333333333333