0 0.2623125 0.11031250000000001 0.09975000000000005 0.09470833333333335
0 0.14409375 0.17977083333333335 0.11956249999999997 0.059562500000000004
0 0.342859375 0.22702083333333334 0.05250000000000003 0.08735416666666668
0 0.30674999999999997 0.5947083333333333 0.09140625 0.04497916666666673
0 0.325328125 0.8753541666666667 0.048687500000000036 0.08775000000000001
0 0.318546875 0.9666666666666667 0.059453125000000016 0.06666666666666667
0 0.5905625 0.9274583333333334 0.05139062499999998 0.09472916666666673
0 0.57684375 0.3034166666666666 0.11770312500000006 0.06424999999999995
0 0.584828125 0.19854166666666667 0.11282812500000006 0.0813125
0 0.73809375 0.36733333333333335 0.08953124999999992 0.04391666666666663
0 0.826984375 0.357375 0.05895312500000003 0.056416666666666636
0 0.898671875 0.3402291666666667 0.05996875000000017 0.06843750000000005
0 0.809609375 0.18254166666666669 0.10756249999999996 0.05397916666666666
0 0.8281875 0.13625 0.12039062499999993 0.053958333333333344
0 0.906828125 0.7097916666666666 0.05198437499999997 0.06681250000000011
0 0.9276562500000001 0.7660625 0.09362500000000011 0.035812500000000115
0 0.9233125 0.8068124999999999 0.08842187499999987 0.04324999999999998
0 0.843125 0.7628125 0.05998437500000016 0.03860416666666661
0 0.9742656249999999 0.8420208333333333 0.0514531250000001 0.07662499999999994
0 0.270640625 0.7720833333333333 0.07474999999999996 0.09416666666666676
0 0.3721875 0.2673125 0.03826562500000001 0.08460416666666669
0 0.08671875 0.023958333333333335 0.0765625 0.04791666666666667
0 0.16421875 0.03620833333333333 0.07025 0.057604166666666665
0 0.02053125 0.054041666666666675 0.0410625 0.08864583333333333