0 0.096 0.11031250000000001 0.06228125000000001 0.07616666666666667
0 0.082640625 0.24091666666666667 0.039015625 0.11514583333333335
0 0.040453125 0.23858333333333331 0.03451562500000001 0.08272916666666669
0 0.055937499999999994 0.5687916666666666 0.11187499999999999 0.0857083333333333
0 0.143390625 0.7725624999999999 0.13968750000000002 0.10437500000000005
0 0.16196875 0.34162499999999996 0.08309375000000001 0.06195833333333335
0 0.27775 0.35089583333333335 0.06814062500000002 0.06195833333333335
0 0.31039062500000003 0.46875 0.050078125000000015 0.10787499999999994
0 0.386421875 0.46945833333333337 0.08407812500000005 0.11389583333333336
0 0.449609375 0.771625 0.05767187499999995 0.08397916666666655
0 0.37946875 0.8362291666666667 0.08407812499999996 0.06966666666666678
0 0.772125 0.843875 0.14021874999999992 0.08033333333333345
0 0.793140625 0.9135624999999999 0.08154687500000009 0.048416666666666684
0 0.800421875 0.9638125 0.10306250000000006 0.051687499999999886
0 0.9707968749999999 0.7503124999999999 0.05840625000000017 0.07841666666666663
0 0.95596875 0.6271249999999999 0.08081250000000004 0.07279166666666678
0 0.636390625 0.2686875 0.04235937500000002 0.0966458333333333
0 0.5178281250000001 0.15408333333333332 0.03787500000000001 0.12204166666666667