0 0.08525 0.6855 0.051203125000000016 0.1895208333333334
0 0.22446875 0.632 0.031015625000000036 0.1334583333333332
0 0.214921875 0.425 0.05010937499999999 0.11758333333333333
0 0.13471875 0.03897916666666667 0.091109375 0.044645833333333336
0 0.05696875 0.027875 0.04668749999999999 0.05575
0 0.330359375 0.25827083333333334 0.05528124999999999 0.08043750000000002
0 0.41125 0.3011041666666667 0.07123437500000004 0.08739583333333331
0 0.4150625 0.07672916666666667 0.07192187499999995 0.06920833333333333
0 0.5999375 0.10985416666666666 0.03540624999999995 0.12156250000000002
0 0.7795937500000001 0.22283333333333333 0.09264062500000003 0.06974999999999998
0 0.872625 0.25735416666666666 0.07039062499999993 0.0785833333333333
0 0.951609375 0.24947916666666667 0.06515625000000007 0.090625
0 0.9080468749999999 0.0964375 0.05787499999999994 0.192875
0 0.8761093750000001 0.5250208333333333 0.03567187499999989 0.05837499999999996
0 0.921234375 0.5778125000000001 0.02871875000000017 0.07137499999999998
0 0.920703125 0.8802291666666666 0.10751562499999992 0.09285416666666677
0 0.7750625 0.8119166666666667 0.15998437499999998 0.09974999999999999
0 0.5686875 0.8762916666666667 0.04235937500000002 0.12666666666666657
0 0.536046875 0.7535624999999999 0.06042187499999994 0.09416666666666676
0 0.5553125 0.354375 0.060765624999999976 0.07354166666666669
0 0.625625 0.4053125 0.059015624999999974 0.06431250000000001
0 0.41090625000000003 0.5039583333333333 0.03581249999999998 0.08566666666666661
0 0.44699999999999995 0.5680833333333334 0.024703124999999916 0.09822916666666662
0 0.484671875 0.561375 0.027109375000000036 0.10793750000000006
0 0.42062499999999997 0.6771458333333332 0.04137500000000003 0.061708333333333344
0 0.45481249999999995 0.6947500000000001 0.022953125000000085 0.09691666666666662
0 0.276546875 0.7313333333333334 0.09348437499999998 0.12379166666666658
0 0.178296875 0.9666666666666667 0.028953125000000003 0.06666666666666667
0 0.26665625 0.9195833333333333 0.07717187499999997 0.05120833333333342
0 0.28575 0.8568333333333332 0.06675000000000005 0.03216666666666678
0 0.334515625 0.9318541666666668 0.049734374999999977 0.034062500000000044
0 0.39684375 0.9591875000000001 0.03895312500000001 0.07947916666666661
0 0.381734375 0.7922291666666667 0.03304687499999996 0.0650208333333334
0 0.8247187500000001 0.3534583333333333 0.044015625000000114 0.1457916666666667
0 0.27290625 0.25225 0.06190625000000001 0.07764583333333336
0 0.536921875 0.13577083333333334 0.05868749999999991 0.04377083333333333