0 0.49971875 0.6321458333333333 0.06479687500000005 0.1738124999999999
0 0.356828125 0.7136875 0.10042187499999997 0.11070833333333331
0 0.203203125 0.7443541666666668 0.11462500000000002 0.05893749999999993
0 0.163234375 0.6782708333333333 0.06592187499999999 0.033937499999999926
0 0.112984375 0.8428541666666667 0.04132812499999999 0.09522916666666674
0 0.153171875 0.8270833333333333 0.032421875 0.09345833333333337
0 0.18621875000000002 0.9243958333333333 0.027078124999999974 0.07977083333333326
0 0.23759375 0.8303541666666666 0.06729687499999999 0.058333333333333334
0 0.226421875 0.5767916666666667 0.08962500000000002 0.075
0 0.20231249999999998 0.5014791666666667 0.13068749999999998 0.07320833333333336
0 0.093125 0.5273749999999999 0.09534374999999999 0.08333333333333333
0 0.0453125 0.4114583333333333 0.090625 0.06041666666666667
0 0.137546875 0.4157708333333333 0.045796875 0.11606249999999996
0 0.08753125 0.3559583333333334 0.052921874999999986 0.05
0 0.135765625 0.325 0.07795312500000001 0.03570833333333331
0 0.0225625 0.2622083333333334 0.0435 0.04702083333333335
0 0.09312500000000001 0.2419583333333333 0.07748437500000002 0.054166666666666634
0 0.177296875 0.24910416666666665 0.044937499999999984 0.09227083333333334
0 0.063203125 0.050291666666666665 0.044421875000000006 0.07560416666666665
0 0.092 0.1160625 0.061843749999999996 0.08214583333333332
0 0.19046875000000002 0.10208333333333333 0.057890625000000015 0.04820833333333333
0 0.26973437499999997 0.09375 0.07804687499999999 0.05535416666666666
0 0.18890625 0.16666666666666666 0.08603125 0.07618749999999999
0 0.3454375 0.110125 0.07317187499999997 0.046437499999999986
0 0.397671875 0.053875 0.04557812499999998 0.060125
0 0.43451562499999996 0.012208333333333331 0.029921874999999966 0.024395833333333335
0 0.469796875 0.03929166666666666 0.04959375000000001 0.05952083333333333
0 0.54528125 0.05416666666666667 0.08446874999999991 0.053562500000000006
0 0.79334375 0.08541666666666667 0.06721874999999997 0.0625
0 0.89765625 0.028125 0.0703125 0.05625
0 0.977546875 0.11814583333333334 0.03831249999999997 0.11606249999999999
0 0.91146875 0.13689583333333333 0.04898437499999986 0.040479166666666684
0 0.8020625000000001 0.29404166666666665 0.08910937499999996 0.06904166666666664
0 0.727484375 0.2511875 0.07387499999999995 0.0785625
0 0.6209687500000001 0.40297916666666667 0.06174999999999997 0.13214583333333335
0 0.92396875 0.3452291666666667 0.0561406250000001 0.07618749999999999
0 0.982546875 0.38214583333333335 0.034906249999999875 0.07856249999999995
0 0.79625 0.48214583333333333 0.032828124999999986 0.0881041666666667
0 0.834421875 0.5300625 0.02437499999999986 0.08272916666666669
0 0.858546875 0.5345208333333333 0.036890624999999844 0.12143749999999999
0 0.617609375 0.5916666666666667 0.05059374999999999 0.09285416666666677
0 0.6410625 0.6631041666666667 0.04835937500000007 0.06904166666666664
0 0.69353125 0.725 0.05064062499999995 0.07381249999999989
0 0.8009375000000001 0.6333333333333333 0.04668750000000008 0.08095833333333337
0 0.738640625 0.6467291666666667 0.024765625000000034 0.05416666666666667
0 0.8348906250000001 0.6482708333333334 0.050765625000000016 0.09191666666666667
0 0.911921875 0.7156874999999999 0.07281249999999986 0.06916666666666677
0 0.9416249999999999 0.8244583333333334 0.037046875000000055 0.12474999999999999
0 0.7638125 0.8437291666666666 0.08520312500000005 0.040708333333333256
0 0.8720156250000001 0.9021666666666667 0.08165624999999999 0.05689583333333322
0 0.82325 0.9662916666666667 0.14499999999999993 0.058208333333333445
0 0.7899062499999999 0.9034791666666667 0.048765624999999965 0.06829166666666661
0 0.7285 0.8772083333333334 0.05068750000000009 0.03327083333333339
0 0.579234375 0.9190208333333333 0.057499999999999926 0.10374999999999991
0 0.661671875 0.8614583333333333 0.07134374999999996 0.05427083333333324
0 0.687609375 0.8076041666666666 0.06412499999999995 0.0428958333333334
0 0.3858125 0.1796875 0.07115625000000003 0.06960416666666666