0 0.1103125 0.059812500000000005 0.089546875 0.11845833333333333
0 0.196734375 0.31875 0.10612500000000002 0.12439583333333332
0 0.38071875 0.55 0.063375 0.05714583333333329
0 0.5155937500000001 0.5860208333333333 0.17242187500000003 0.0756041666666666
0 0.5260625 0.6738125 0.037124999999999984 0.06666666666666667
0 0.604453125 0.7782708333333334 0.07334375000000008 0.21012500000000003
0 0.5412656250000001 0.8256041666666667 0.08535937499999999 0.0488124999999999
0 0.475609375 0.8300625 0.03440624999999997 0.0875
0 0.544390625 0.9241041666666666 0.10054687500000004 0.08512500000000003
0 0.7752656250000001 0.8550625000000001 0.08909375000000005 0.08987499999999997
0 0.8998593749999999 0.8809583333333334 0.061484374999999855 0.1
0 0.721671875 0.6190416666666666 0.1069218750000001 0.1238124999999999
0 0.5586875 0.43185416666666665 0.12914062499999995 0.06487499999999997
0 0.5575625 0.32529166666666665 0.11351562499999997 0.07797916666666668
0 0.7131875 0.21666666666666667 0.08101562500000004 0.08095833333333337
0 0.7058125000000001 0.1 0.07073437499999997 0.06189583333333335
0 0.60065625 0.04047916666666666 0.08807812500000001 0.06189583333333333
0 0.95790625 0.17352083333333335 0.052593750000000127 0.09583333333333334