0 0.240078125 0.4414375 0.03793750000000005 0.15510416666666665
0 0.135578125 0.2927708333333333 0.11365624999999997 0.1707708333333333
0 0.23384375 0.7781041666666667 0.039328125000000026 0.11547916666666656
0 0.35778125 0.8968958333333333 0.030265625000000008 0.08916666666666657
0 0.38971875 0.9200416666666666 0.024703125000000003 0.0984375
0 0.461234375 0.7132708333333333 0.09829687499999995 0.07839583333333332
0 0.648015625 0.7868958333333332 0.041312500000000085 0.06824999999999998
0 0.736890625 0.7355 0.09406250000000008 0.04877083333333327
0 0.74453125 0.7132916666666667 0.03989062499999996 0.2080625
0 0.469046875 0.3768333333333333 0.08267187499999995 0.05827083333333339
0 0.28140624999999997 0.34812499999999996 0.04417187499999997 0.09345833333333337
0 0.385546875 0.40739583333333335 0.07192187499999995 0.08237500000000005
0 0.38415625000000003 0.3374583333333333 0.055265625000000006 0.06287500000000001
0 0.8282031249999999 0.1040625 0.10306250000000006 0.07756249999999998
0 0.7917500000000001 0.7084166666666667 0.051000000000000066 0.07329166666666656
0 0.9606562500000001 0.7456875000000001 0.051999999999999956 0.08768750000000007
0 0.03025 0.4071666666666667 0.0605 0.12358333333333332
0 0.100171875 0.5104166666666666 0.001171875 0.006020833333333305