0 0.65490625 0.9690416666666667 0.058203125 0.06189583333333341
0 0.89628125 0.8803541666666667 0.05432812499999997 0.06310416666666659
0 0.949640625 0.8318541666666667 0.04053125000000009 0.07916666666666666
0 0.978078125 0.7497083333333333 0.043828124999999926 0.05772916666666674
0 0.679265625 0.710125 0.13815624999999992 0.06547916666666656
0 0.63415625 0.6556458333333333 0.12829687500000003 0.036312499999999893
0 0.592609375 0.5940416666666667 0.03628125000000004 0.05
0 0.486109375 0.51875 0.05987500000000008 0.048208333333333304
0 0.491234375 0.5654791666666666 0.074609375 0.04047916666666656
0 0.398125 0.6309583333333334 0.03570312500000004 0.0761875000000001
0 0.14375 0.9802083333333333 0.0375 0.03958333333333333
0 0.031718750000000004 0.48720833333333335 0.057343750000000006 0.04464583333333335
0 0.11478124999999999 0.5020833333333333 0.044890624999999997 0.08631249999999996
0 0.06118749999999999 0.5607083333333333 0.04485937500000001 0.05477083333333332
0 0.77971875 0.07022916666666666 0.06229687499999992 0.05
0 0.716984375 0.021437499999999998 0.048406250000000026 0.042854166666666665
0 0.57475 0.015479166666666665 0.07198437500000007 0.03095833333333333
0 0.38540625 0.1125 0.06829687499999997 0.09881250000000001
0 0.747125 0.5059583333333334 0.04173437500000006 0.08810416666666665
0 0.8426875 0.5743958333333333 0.0364374999999999 0.07022916666666675
0 0.589265625 0.16220833333333334 0.04296875 0.08512499999999998