0 0.041499999999999995 0.0883125 0.0713125 0.08310416666666667
0 0.137140625 0.060520833333333336 0.07164062499999999 0.06456250000000001
0 0.217 0.07604166666666666 0.07856249999999998 0.0631875
0 0.1203125 0.41318750000000004 0.058109375 0.16341666666666665
0 0.063375 0.25504166666666667 0.066453125 0.10172916666666669
0 0.01484375 0.2520833333333333 0.0296875 0.07916666666666666
0 0.02028125 0.32262500000000005 0.0405625 0.059395833333333314
0 0.03334375 0.6685833333333334 0.06542187499999999 0.06770833333333333
0 0.216828125 0.88925 0.06779687499999998 0.07849999999999989
0 0.2925 0.937875 0.09417187499999997 0.07018749999999987
0 0.3011875 0.7095625 0.09070312500000002 0.05245833333333323
0 0.41801562499999995 0.6183333333333334 0.07087500000000002 0.08295833333333344
0 0.48571875000000003 0.7355 0.04656249999999993 0.12287500000000004
0 0.41540625000000003 0.3483541666666667 0.062203124999999956 0.16337500000000002
0 0.529625 0.3187291666666667 0.06425 0.1855833333333333
0 0.387109375 0.10545833333333333 0.07990624999999998 0.08960416666666668
0 0.802171875 0.5271041666666666 0.08570312499999995 0.07643750000000006
0 0.9446875 0.381 0.047828124999999846 0.11291666666666664
0 0.67353125 0.5646041666666667 0.07914062499999996 0.05700000000000003
0 0.7327343749999999 0.5711041666666666 0.044062500000000074 0.08108333333333331
0 0.7990468749999999 0.6366458333333332 0.04475000000000007 0.14272916666666666
0 0.798 0.7739375000000001 0.06348437500000008 0.13493749999999996
0 0.6638124999999999 0.8614583333333333 0.09024999999999998 0.07847916666666659
0 0.763625 0.8915624999999999 0.07114062499999996 0.09239583333333339
0 0.836703125 0.8945833333333333 0.07493750000000006 0.09379166666666663
0 0.96953125 0.7958333333333333 0.0609375 0.05416666666666667
0 0.9235 0.8443333333333333 0.02631249999999987 0.07199999999999988
0 0.97253125 0.8401666666666666 0.05492187500000014 0.05439583333333336
0 0.9045781249999999 0.8181666666666667 0.03360937499999998 0.09837500000000006