0 0.5644843749999999 0.9690416666666667 0.06037499999999998 0.06189583333333341
0 0.131078125 0.6993958333333333 0.03731249999999999 0.10595833333333336
0 0.09623437500000001 0.6857083333333333 0.02121875000000001 0.09047916666666657
0 0.1025 0.5675625 0.06945312499999999 0.05060416666666659
0 0.209 0.7247083333333334 0.04584374999999998 0.055354166666666774
0 0.343203125 0.5928541666666667 0.041921874999999977 0.07143749999999992
0 0.38606250000000003 0.5857083333333333 0.038375000000000006 0.08095833333333337
0 0.42134375 0.6571458333333333 0.028578124999999944 0.08095833333333337
0 0.435859375 0.496125 0.07099999999999991 0.05060416666666671
0 0.5443749999999999 0.5014791666666667 0.04696874999999991 0.07320833333333336
0 0.465328125 0.5595208333333334 0.04065624999999997 0.05237499999999997
0 0.80896875 0.6422708333333333 0.03596874999999997 0.08689583333333341
0 0.910796875 0.522625 0.0717656250000001 0.05477083333333332
0 0.80740625 0.110125 0.04623437499999996 0.09404166666666668
0 0.286265625 0.022625 0.06643749999999997 0.04522916666666667
0 0.41576562499999997 0.1113125 0.003999999999999915 0.0011874999999999859