0 0.234234375 0.775 0.05614062500000001 0.10237499999999997
0 0.28090625 0.8743958333333333 0.03785937500000003 0.0988124999999999
0 0.276890625 0.9660624999999999 0.05660937500000003 0.06785416666666677
0 0.526515625 0.9404791666666666 0.04695312499999993 0.1
0 0.6515625 0.9625 0.075 0.075
0 0.290078125 0.6324375 0.141015625 0.09702083333333343
0 0.082625 0.7452291666666666 0.05201562500000001 0.06666666666666667
0 0.039125 0.9208333333333333 0.07825 0.07262500000000002
0 0.51 0.34852083333333334 0.13000000000000006 0.08868749999999999
0 0.515140625 0.25147916666666664 0.09115625000000005 0.07320833333333336
0 0.669203125 0.41785416666666664 0.06892187500000002 0.05477083333333337
0 0.735515625 0.3857083333333333 0.05423437500000006 0.06189583333333329
0 0.816578125 0.3872083333333334 0.07795312500000007 0.058937500000000045
0 0.90834375 0.6381041666666667 0.12310937499999994 0.06666666666666667
0 0.8114375 0.7202291666666666 0.06321875000000006 0.06429166666666669
0 0.80965625 0.7970208333333333 0.13109375000000006 0.0392916666666667
0 0.8857968749999999 0.8580416666666667 0.08246874999999995 0.08393749999999993
0 0.915625 0.9520833333333333 0.05 0.09583333333333334
0 0.72546875 0.23958333333333334 0.11004687499999992 0.04939583333333335
0 0.748921875 0.19583333333333333 0.09889062499999994 0.05118749999999998
0 0.3275625 0.32618749999999996 0.055312499999999966 0.06189583333333329
0 0.297203125 0.28362499999999996 0.048140625000000006 0.06606249999999998
0 0.218828125 0.17439583333333333 0.08337500000000002 0.10833333333333334
0 0.11925 0.22977083333333334 0.107421875 0.05952083333333332
0 0.09825000000000002 0.29285416666666664 0.07435937500000002 0.06666666666666667
0 0.013218750000000001 0.11964583333333333 0.026437500000000003 0.08929166666666667
0 0.101609375 0.089875 0.10339062500000003 0.053562500000000006
0 0.143375 0.06102083333333333 0.11993750000000003 0.049395833333333326
0 0.058953124999999995 0.03720833333333333 0.0671875 0.07320833333333333