0 0.81634375 0.3794583333333333 0.08196875000000006 0.1267916666666667
0 0.821484375 0.6925625 0.04312499999999995 0.08631249999999989
0 0.9273281250000001 0.8199375 0.08517187499999998 0.03154166666666664
0 0.940046875 0.8607083333333333 0.08829687499999998 0.03570833333333331
0 0.838453125 0.7785624999999999 0.041343750000000054 0.03810416666666659
0 0.8567656250000001 0.9068541666666667 0.06904687500000009 0.0625
0 0.9248593749999999 0.9604166666666667 0.07578125 0.05060416666666659
0 0.686171875 0.7618958333333333 0.06715625000000003 0.0761875000000001
0 0.60378125 0.5794583333333333 0.10326562500000006 0.05060416666666659
0 0.5778749999999999 0.6669583333333333 0.05145312499999992 0.09464583333333323
0 0.50553125 0.7428541666666667 0.0674843749999999 0.06189583333333341
0 0.511328125 0.8928541666666666 0.05229687500000004 0.1238124999999999
0 0.29340625 0.9377916666666667 0.045015625000000004 0.07679166666666669
0 0.19339062499999998 0.7851250000000001 0.1306875 0.08689583333333341
0 0.08084375 0.8535625 0.10203124999999999 0.09285416666666677
0 0.023890625 0.7654791666666667 0.037250000000000005 0.10714583333333323
0 0.058734375000000005 0.6440416666666666 0.05334375 0.10237499999999997
0 0.08529687500000001 0.3458333333333333 0.057374999999999995 0.041666666666666664
0 0.1364375 0.28602083333333334 0.04803125000000001 0.07083333333333333
0 0.163453125 0.21935416666666668 0.06189062499999998 0.08035416666666666
0 0.567828125 0.15743749999999998 0.08940625000000005 0.09939583333333335
0 0.554875 0.0714375 0.05456249999999994 0.052375
0 0.4300625 0.0300625 0.06832812500000003 0.0589375
0 0.9742031250000001 0.04435416666666667 0.04499999999999993 0.06368750000000001
0 0.9836562499999999 0.22589583333333335 0.03267187500000013 0.057729166666666686