0 0.622078125 0.5993958333333332 0.04165624999999995 0.12022916666666675
0 0.7922343749999999 0.7145833333333333 0.08731250000000008 0.07083333333333333
0 0.652453125 0.8845208333333333 0.06668749999999993 0.05952083333333344
0 0.57184375 0.8276875 0.05278124999999996 0.05893749999999993
0 0.44546875 0.7839375000000001 0.07681249999999995 0.08452083333333343
0 0.364859375 0.74375 0.06292187499999997 0.06964583333333323
0 0.25925 0.9047708333333334 0.07043749999999997 0.1238124999999999
0 0.8855625 0.7502916666666667 0.06862500000000012 0.07083333333333333
0 0.829296875 0.8506041666666667 0.04535937499999996 0.12262500000000003
0 0.9576874999999999 0.7491041666666667 0.05660937500000003 0.09227083333333326
0 0.9241875 0.6232083333333333 0.052124999999999845 0.12022916666666675
0 0.92553125 0.4892916666666667 0.045874999999999846 0.10237499999999997
0 0.931125 0.3970208333333333 0.08829687499999998 0.07262500000000002
0 0.8627812499999999 0.446125 0.049843750000000145 0.06964583333333335
0 0.79803125 0.4309583333333334 0.07214062500000003 0.05714583333333335
0 0.560453125 0.4886875 0.07912499999999997 0.06547916666666669
0 0.443234375 0.5761875 0.08128124999999997 0.06189583333333341
0 0.659375 0.19731249999999997 0.06712500000000006 0.1672708333333333
0 0.554203125 0.221125 0.04875000000000007 0.1434583333333333
0 0.53203125 0.052083333333333336 0.0859375 0.10416666666666667
0 0.280234375 0.2842291666666667 0.049921874999999984 0.1267916666666667
0 0.185125 0.5291666666666667 0.10076562499999997 0.051187500000000045
0 0.114109375 0.521125 0.05695312499999999 0.05297916666666662
0 0.07570312500000001 0.4696458333333334 0.0515625 0.075
0 0.026796874999999998 0.5002916666666667 0.03859375 0.11845833333333336
0 0.042203125 0.39166666666666666 0.047078125000000005 0.07381250000000002
0 0.126375 0.27647916666666666 0.035984375 0.07560416666666668
0 0.16590625 0.20981249999999999 0.082 0.07560416666666665
0 0.21949999999999997 0.14404166666666668 0.05345312499999999 0.07856250000000002
0 0.15453125 0.13839583333333336 0.06903125000000002 0.05654166666666665
0 0.061640625000000004 0.196125 0.07254687500000001 0.11727083333333331