0 0.49815624999999997 0.08958333333333333 0.07506249999999995 0.10654166666666666
0 0.74803125 0.177375 0.09710937499999997 0.07381250000000002
0 0.77578125 0.059375 0.0765625 0.11875
0 0.4175625 0.46458333333333335 0.11475000000000005 0.07083333333333333
0 0.24696875000000001 0.41160416666666666 0.05926562500000001 0.07202083333333333
0 0.20856249999999998 0.5 0.05389062500000001 0.14762500000000003
0 0.134421875 0.33214583333333336 0.06634375 0.09762500000000003
0 0.083296875 0.41875 0.05782812499999999 0.11012500000000003
0 0.5979687499999999 0.6160625 0.06485937499999998 0.10595833333333336
0 0.65959375 0.7107083333333333 0.045250000000000054 0.11666666666666667
0 0.7163125 0.7553541666666667 0.04260937499999997 0.075
0 0.640390625 0.7881041666666667 0.04790624999999995 0.03333333333333333
0 0.58034375 0.83125 0.09654687499999995 0.08987499999999997
0 0.40639062499999995 0.7631041666666667 0.101359375 0.07856250000000008
0 0.308359375 0.935125 0.02581249999999997 0.10118750000000011
0 0.34945312500000003 0.9556458333333333 0.03656249999999996 0.0886875000000001
0 0.20296875 0.8321458333333334 0.04718749999999998 0.12143749999999992
0 0.8614375000000001 0.7946458333333334 0.03823437500000004 0.08214583333333322
0 0.946078125 0.8723124999999999 0.05123437499999994 0.0886875000000001
0 0.8844375 0.9803541666666666 0.0006093750000001563 0.0011875000000001043