0 0.9507656250000001 0.23570833333333333 0.09187499999999993 0.07143749999999999
0 0.846484375 0.16279166666666667 0.0395624999999999 0.07439583333333336
0 0.811421875 0.08035416666666667 0.045343749999999974 0.08214583333333332
0 0.7683125000000001 0.016666666666666666 0.054265625000000026 0.03333333333333333
0 0.75271875 0.197625 0.08415625000000002 0.06666666666666667
0 0.656921875 0.1493958333333333 0.03989062499999996 0.10118749999999999
0 0.625203125 0.07172916666666666 0.05684374999999999 0.07083333333333333
0 0.679015625 0.26875 0.05285937500000006 0.11012500000000003
0 0.76053125 0.321125 0.06853125000000002 0.05772916666666662
0 0.8415781250000001 0.2747083333333334 0.038671875 0.060125000000000026
0 0.8391093749999999 0.3464375 0.029296875 0.05477083333333337
0 0.82415625 0.3988125 0.06276562500000002 0.11189583333333329
0 0.79625 0.43720833333333337 0.05070312500000007 0.0875
0 0.7853125000000001 0.5368958333333332 0.05114062500000003 0.07856250000000002
0 0.758515625 0.6506041666666668 0.051125000000000045 0.12737499999999996
0 0.946078125 0.927375 0.08696875000000012 0.07381249999999989
0 0.8261875 0.8107083333333333 0.13735937500000003 0.16904166666666665
0 0.72390625 0.8324374999999999 0.06673437500000005 0.09227083333333326
0 0.694203125 0.8797708333333334 0.047499999999999966 0.07381249999999989
0 0.760515625 0.9535625 0.05067187499999992 0.054770833333333255
0 0.70390625 0.9802083333333333 0.0515625 0.03958333333333333
0 0.659375 0.9443541666666667 0.04926562499999996 0.05416666666666667
0 0.61203125 0.9223125 0.036734374999999986 0.14106250000000006
0 0.55234375 0.9697916666666667 0.0296875 0.06041666666666667
0 0.5888125 0.8529791666666667 0.033140625000000055 0.10356250000000007
0 0.52540625 0.8526875 0.08490625000000004 0.06606250000000008
0 0.566265625 0.7809583333333333 0.11753125000000005 0.04285416666666677
0 0.62565625 0.6526875000000001 0.05595312500000009 0.16606250000000009
0 0.55934375 0.6071458333333334 0.04562500000000007 0.1
0 0.637703125 0.5008958333333333 0.04256250000000002 0.10772916666666668
0 0.60109375 0.4791666666666667 0.04431250000000002 0.14166666666666666
0 0.5095468750000001 0.4264791666666667 0.08445312499999993 0.08987499999999997
0 0.42739062499999997 0.45297916666666665 0.087953125 0.09404166666666663
0 0.346109375 0.49404166666666666 0.07898437500000002 0.06429166666666669
0 0.4363125 0.7678541666666666 0.06296874999999993 0.1118958333333334
0 0.3921875 0.9416666666666667 0.05625 0.11666666666666667
0 0.332703125 0.7517916666666667 0.07004687499999998 0.16310416666666658
0 0.14134375 0.6872083333333333 0.031062499999999993 0.1113124999999999
0 0.05159375000000001 0.7756041666666668 0.046187500000000006 0.09643749999999993
0 0.02321875 0.841375 0.03143750000000001 0.07439583333333341
0 0.094453125 0.9133958333333333 0.0355 0.0875
0 0.1290625 0.8357083333333333 0.037765625000000025 0.08095833333333337
0 0.08462499999999999 0.8160624999999999 0.033718749999999985 0.10118750000000011
0 0.207671875 0.3363125 0.08782812499999999 0.07022916666666662
0 0.29653125 0.09285416666666667 0.060203125000000045 0.11904166666666667
0 0.048953125 0.08214583333333333 0.09790625 0.16429166666666667
0 0.98125 0.6489583333333333 0.0375 0.11458333333333333