0 0.817234375 0.06429166666666666 0.04803125000000001 0.12856250000000002
0 0.78284375 0.41875 0.041750000000000044 0.13393750000000004
0 0.8991875 0.5696458333333333 0.03781250000000007 0.10833333333333334
0 0.941609375 0.5925625 0.024437500000000157 0.10060416666666659
0 0.629 0.7258958333333333 0.042109375000000074 0.08154166666666664
0 0.5879218749999999 0.7863125 0.04921875 0.06547916666666656
0 0.5274062500000001 0.7982083333333333 0.04873437500000009 0.1845208333333332
0 0.509328125 0.6131041666666667 0.07060937500000009 0.06429166666666669
0 0.372671875 0.5806458333333333 0.083015625 0.05297916666666656
0 0.23960937499999999 0.8252916666666666 0.13831249999999998 0.05416666666666667
0 0.145140625 0.9285625 0.05206249999999999 0.05237499999999997
0 0.30679687499999997 0.4666666666666667 0.053953125000000046 0.10477083333333338
0 0.26459375 0.4547708333333333 0.04543749999999998 0.08095833333333337
0 0.32734375 0.3202291666666667 0.07718749999999996 0.07381250000000002