0 0.02215625 0.3767916666666667 0.0443125 0.12737499999999996
0 0.0998125 0.3842291666666667 0.06409374999999999 0.08868749999999999
0 0.16924999999999998 0.35208333333333336 0.04671875000000001 0.08631250000000001
0 0.24987499999999999 0.22352083333333334 0.06418749999999998 0.14820833333333336
0 0.24093749999999997 0.32708333333333334 0.060609375000000035 0.04583333333333333
0 0.31753125 0.3011875 0.136140625 0.045229166666666626
0 0.3128125 0.34404166666666663 0.09028124999999995 0.045229166666666626
0 0.35771875 0.06429166666666666 0.04862500000000001 0.10952083333333332
0 0.303234375 0.48720833333333335 0.11825000000000001 0.06845833333333336
0 0.410640625 0.4125 0.09643750000000004 0.09881250000000001
0 0.487234375 0.9199375 0.16481250000000003 0.1125
0 0.1353125 0.9 0.05026562500000002 0.1142916666666667
0 0.534796875 0.5857083333333333 0.04468750000000003 0.08095833333333337
0 0.49928125 0.5324375 0.040671874999999955 0.11131249999999995
0 0.7279375 0.6035625 0.13728125000000002 0.06904166666666664
0 0.9189375 0.664875 0.162125 0.08452083333333343
0 0.7337343749999999 0.5083333333333333 0.12210937499999996 0.09285416666666671
0 0.9524062499999999 0.5035625 0.09517187500000013 0.05952083333333332
0 0.9680312499999999 0.4324375 0.06392187500000013 0.05416666666666667
0 0.949453125 0.147625 0.07665624999999991 0.06666666666666667
0 0.8685937499999999 0.08897916666666666 0.07040624999999992 0.08154166666666667
0 0.628796875 0.13333333333333333 0.117578125 0.06904166666666665
0 0.70625 0.07395833333333333 0.06875 0.14791666666666667
0 0.619640625 0.050895833333333335 0.06799999999999998 0.03868750000000001
0 0.555765625 0.043458333333333335 0.038484374999999994 0.08689583333333335