0 0.39723437500000003 0.16070833333333334 0.05178125000000002 0.11189583333333335
0 0.26973437499999997 0.28095833333333337 0.06018749999999997 0.06666666666666667
0 0.198734375 0.21904166666666666 0.05209375000000003 0.08570833333333336
0 0.08843749999999999 0.3104166666666667 0.07256249999999999 0.10772916666666665
0 0.188453125 0.3482083333333333 0.040484374999999996 0.09404166666666663
0 0.119234375 0.4074375 0.05382812499999999 0.051791666666666694
0 0.143796875 0.5252916666666666 0.05831249999999999 0.09702083333333338
0 0.246296875 0.5279791666666667 0.12492187499999999 0.04881249999999995
0 0.23781249999999998 0.5767916666666667 0.08114062500000001 0.027374999999999972
0 0.155640625 0.6654791666666667 0.05965625000000001 0.09762500000000003
0 0.056499999999999995 0.5458333333333333 0.09353125000000001 0.0607083333333333
0 0.042703124999999995 0.4467291666666667 0.08540624999999999 0.058937500000000045
0 0.584796875 0.4324375 0.06976562499999997 0.05416666666666667
0 0.35503125 0.7333333333333333 0.043265624999999995 0.1142916666666667
0 0.12348437500000001 0.8738125 0.06678125000000001 0.0857083333333333
0 0.20140625 0.975 0.057453124999999994 0.05
0 0.424703125 0.9056458333333333 0.10048437500000004 0.0886875000000001
0 0.46465625 0.8166666666666667 0.034859374999999915 0.09047916666666657
0 0.50553125 0.8488125 0.03175000000000008 0.10714583333333323
0 0.526734375 0.8958333333333334 0.04651562499999997 0.15595833333333337
0 0.5428124999999999 0.7368958333333333 0.03937500000000007 0.07381249999999989
0 0.484765625 0.6803541666666667 0.06612500000000007 0.06785416666666677
0 0.714078125 0.5470208333333333 0.04707812499999999 0.08689583333333335
0 0.78240625 0.4991041666666666 0.06765624999999993 0.09227083333333332
0 0.854078125 0.4610208333333333 0.06368749999999998 0.06368749999999998
0 0.71140625 0.7743958333333333 0.07743750000000009 0.1368958333333334
0 0.8054062500000001 0.7827291666666666 0.04668750000000008 0.08214583333333322
0 0.780171875 0.9473125 0.03639062499999994 0.09583333333333334
0 0.92596875 0.9511875 0.03782812500000006 0.09762500000000003
0 0.973609375 0.8964375 0.034906249999999875 0.15477083333333325
0 0.946296875 0.8294583333333333 0.029359374999999945 0.0982083333333333
0 0.891140625 0.8321458333333334 0.07531250000000007 0.05
0 0.9277656249999999 0.7666666666666667 0.11285937500000003 0.06189583333333341
0 0.9758437499999999 0.6493958333333333 0.04829687500000013 0.125
0 0.918390625 0.6145833333333334 0.049437500000000155 0.08512500000000003
0 0.938484375 0.5047708333333333 0.044984374999999945 0.10952083333333332
0 0.973984375 0.5151874999999999 0.031156250000000087 0.11249999999999995
0 0.9407187499999999 0.18810416666666668 0.07624999999999993 0.14285416666666664
0 0.98125 0.31666666666666665 0.0375 0.14166666666666666
0 0.63034375 0.3610208333333333 0.053718749999999996 0.1017916666666667
0 0.65 0.20147916666666665 0.057296874999999935 0.13987500000000003
0 0.690421875 0.07054166666666667 0.09796875000000008 0.09227083333333332
0 0.466234375 0.46904166666666663 0.06031250000000003 0.0857083333333333
0 0.1255 0.7639791666666667 0.13779687499999999 0.0625