0 0.8811406249999999 0.737125 0.08326562499999994 0.0825625
0 0.936703125 0.6695 0.06657812499999985 0.08808333333333328
0 0.657046875 0.6776041666666667 0.1287968750000001 0.09041666666666662
0 0.552015625 0.4752291666666667 0.13056250000000008 0.06529166666666661
0 0.4695625 0.5819791666666667 0.05940624999999997 0.08895833333333343
0 0.134890625 0.6169375 0.08448437499999999 0.05239583333333329
0 0.03125 0.7656041666666666 0.061250000000000006 0.06268750000000006
0 0.030734375 0.5009374999999999 0.056734375000000004 0.10281250000000004
0 0.16578125 0.3499583333333333 0.06712500000000002 0.09716666666666664
0 0.202765625 0.2520208333333333 0.08481250000000003 0.06329166666666666
0 0.2864375 0.21081249999999999 0.09243749999999995 0.08272916666666669
0 0.543859375 0.13625 0.04132812500000007 0.09100000000000001
0 0.58396875 0.13439583333333335 0.041671874999999935 0.12435416666666667
0 0.6620781250000001 0.23789583333333333 0.07984375000000003 0.05818750000000002
0 0.7842812499999999 0.24922916666666667 0.06870312499999995 0.06885416666666669
0 0.813625 0.4025416666666667 0.03223437500000008 0.16989583333333336
0 0.878546875 0.40299999999999997 0.0579218749999999 0.06893750000000007
0 0.9057968750000001 0.3409375 0.03951562499999994 0.07445833333333335
0 0.5982031250000001 0.024625 0.07153124999999996 0.04925
0 0.084890625 0.02325 0.053953125000000005 0.046479166666666655