0 0.191125 0.25664583333333335 0.08585937499999999 0.11333333333333331
0 0.28278125 0.32427083333333334 0.08862499999999995 0.05962500000000001
0 0.282953125 0.19458333333333336 0.07160937499999998 0.059562500000000004
0 0.36871874999999993 0.16125 0.06949999999999998 0.0669375
0 0.36559375 0.058437499999999996 0.04242187499999996 0.10208333333333333
0 0.4181875 0.08577083333333334 0.039984375 0.14747916666666666
0 0.50428125 0.17770833333333333 0.08717187499999994 0.14152083333333335
0 0.623546875 0.31316666666666665 0.09304687499999993 0.1670625
0 0.8450468750000001 0.40554166666666663 0.04993750000000006 0.1527708333333333
0 0.74853125 0.6776041666666667 0.10690624999999994 0.07189583333333331
0 0.6653749999999999 0.6521458333333333 0.048249999999999994 0.06724999999999995
0 0.6195468749999999 0.6002708333333333 0.05103124999999995 0.09314583333333341
0 0.57528125 0.6387083333333333 0.045140624999999976 0.12372916666666664
0 0.5289375 0.7341041666666667 0.11564062499999998 0.06637500000000003
0 0.4485625 0.7246041666666667 0.09031249999999993 0.040895833333333326
0 0.35934374999999996 0.7297083333333333 0.07159374999999998 0.041812500000000107
0 0.220984375 0.667875 0.04835937499999998 0.08022916666666664
0 0.24928124999999998 0.746375 0.08064062500000002 0.07516666666666676
0 0.260734375 0.8795208333333334 0.11050000000000004 0.049791666666666616
0 0.35031249999999997 0.7938541666666666 0.10907812500000005 0.08770833333333337
0 0.7620625000000001 0.08691666666666667 0.08537500000000006 0.08958333333333333
0 0.85875 0.057520833333333334 0.06695312499999986 0.06316666666666666
0 0.93653125 0.07672916666666667 0.06970312499999984 0.08772916666666666
0 0.06996875 0.8623958333333334 0.058812500000000004 0.08033333333333345
0 0.017375 0.7994166666666668 0.033484375 0.06547916666666656
0 0.159703125 0.8943333333333333 0.10982812499999998 0.06091666666666669
0 0.28590625 0.96775 0.08792187499999997 0.05493750000000001
0 0.941203125 0.8904166666666666 0.06865625000000009 0.0761875000000001
0 0.987296875 0.9181875 0.025406249999999984 0.07620833333333342
0 0.78359375 0.26429166666666665 0.07287500000000006 0.0832083333333333
0 0.706 0.2798125 0.08365624999999995 0.1003541666666667