0 0.965625 0.5614583333333333 0.06875 0.09791666666666667
0 0.9490624999999999 0.664875 0.10187500000000008 0.08452083333333343
0 0.644640625 0.9446458333333333 0.10017187500000002 0.09643749999999993
0 0.737078125 0.5848125 0.06182812500000008 0.12083333333333333
0 0.30078125 0.9199375 0.05528124999999999 0.1125
0 0.1656875 0.9291666666666667 0.07529687499999997 0.11310416666666659
0 0.10495312500000001 0.935125 0.060968750000000016 0.10118750000000011
0 0.14737499999999998 0.6375 0.04759375000000001 0.24404166666666663
0 0.066546875 0.40685416666666663 0.05557812499999999 0.15772916666666661
0 0.018578125 0.2607083333333333 0.03715625 0.07381249999999999
0 0.198734375 0.3032708333333333 0.08782812499999999 0.18868749999999998
0 0.296078125 0.3348125 0.05037500000000002 0.0732083333333333
0 0.37221875 0.3151875 0.05532812500000004 0.06964583333333335
0 0.336953125 0.4714375 0.047265625 0.1142916666666667
0 0.404578125 0.36935416666666665 0.06298437500000005 0.09583333333333334
0 0.510234375 0.4809583333333334 0.1438437500000001 0.06189583333333329
0 0.6390625 0.4252916666666666 0.111328125 0.10654166666666663
0 0.504859375 0.5506041666666667 0.06167187500000004 0.07022916666666669
0 0.546390625 0.3264791666666667 0.082234375 0.056541666666666636
0 0.548640625 0.277375 0.1313593749999999 0.05952083333333332
0 0.46489062499999995 0.3020833333333333 0.06656250000000004 0.04345833333333336
0 0.4843125 0.20445833333333333 0.07415625000000006 0.11964583333333335
0 0.601984375 0.042854166666666665 0.04610937499999999 0.08570833333333333
0 0.8234375 0.042708333333333334 0.053125 0.08541666666666667
0 0.8898125 0.15208333333333332 0.13515625 0.07202083333333333
0 0.8989375000000001 0.051479166666666666 0.083203125 0.064875