0 0.25409375 0.3013125 0.07345312499999998 0.05564583333333329
0 0.13479687499999998 0.24089583333333334 0.02567187500000001 0.04081250000000001
0 0.026046875000000004 0.016166666666666666 0.0426875 0.03233333333333333
0 0.260453125 0.03391666666666667 0.05437500000000002 0.056187499999999994
0 0.18709375 0.170125 0.07064062500000001 0.04239583333333332
0 0.33401562500000004 0.03391666666666667 0.05045312500000003 0.034979166666666665
0 0.347921875 0.10758333333333334 0.022625000000000027 0.06572916666666667
0 0.407578125 0.0914375 0.030609375000000005 0.059895833333333336
0 0.38689062500000004 0.12958333333333333 0.02106250000000003 0.05141666666666668
0 0.431234375 0.2880625 0.03420312499999998 0.060958333333333316
0 0.3930625 0.3262291666666667 0.03735937499999999 0.05247916666666666
0 0.17271875 0.5930416666666667 0.037281249999999974 0.0664791666666666
0 0.05821875 0.6649791666666667 0.030218750000000006 0.06849999999999999
0 0.184125 0.6789583333333333 0.06314062500000002 0.043770833333333314
0 0.39320312500000004 0.5916041666666667 0.03439062500000003 0.0433750000000001
0 0.451140625 0.6730833333333333 0.02560937499999998 0.052291666666666715
0 0.088625 0.863 0.01807812499999999 0.038916666666666565
0 0.1296875 0.8427291666666666 0.033296875000000004 0.030812499999999923
0 0.115390625 0.8692916666666667 0.035124999999999997 0.023104166666666735
0 0.1613125 0.9094166666666667 0.028453125000000013 0.07904166666666677
0 0.0706875 0.9146875 0.03690625000000001 0.03283333333333331
0 0.07509375 0.9386041666666666 0.04268749999999999 0.023916666666666704
0 0.038296875 0.9323125 0.023812500000000004 0.05593750000000005
0 0.00625 0.9614583333333333 0.0125 0.04375
0 0.10078125 0.9791666666666666 0.0203125 0.041666666666666664
0 0.21150000000000002 0.9805416666666668 0.020578125000000023 0.03889583333333325
0 0.26546875000000003 0.9254166666666667 0.022140625000000025 0.0664791666666666
0 0.23399999999999999 0.8427291666666666 0.041281250000000026 0.09566666666666658
0 0.291328125 0.8638125 0.03128124999999997 0.04054166666666674
0 0.339984375 0.8510416666666667 0.031312500000000035 0.059583333333333384
0 0.3256875 0.9250208333333333 0.020968750000000026 0.05756249999999999
0 0.419515625 0.9197500000000001 0.07181250000000002 0.038916666666666565
0 0.41235937500000003 0.9623125 0.030140624999999987 0.03485416666666671
0 0.490671875 0.88125 0.05604687500000001 0.06729166666666657
0 0.42514062499999994 0.8064583333333334 0.06785937499999997 0.03527083333333323
0 0.408421875 0.8305625 0.07696874999999999 0.038916666666666565
0 0.388484375 0.7634791666666667 0.046250000000000034 0.06283333333333327
0 0.54084375 0.9576458333333334 0.028703125000000006 0.053916666666666654
0 0.55390625 0.9822916666666667 0.0171875 0.035416666666666666
0 0.6839375000000001 0.9450833333333333 0.06864062499999993 0.05310416666666669
0 0.67878125 0.9835833333333334 0.08870312499999997 0.03283333333333331
0 0.8367968749999999 0.8986666666666667 0.05514062499999994 0.03729166666666662
0 0.8270781250000001 0.9367708333333333 0.06731249999999997 0.032437500000000105
0 0.84790625 0.7126041666666667 0.025656250000000113 0.07864583333333333
0 0.8100468749999999 0.7144375000000001 0.03809375000000008 0.04581250000000002
0 0.7568125 0.6735 0.03501562499999995 0.05310416666666669
0 0.616015625 0.7051041666666666 0.06351562499999996 0.05147916666666674
0 0.571 0.6518125 0.02212499999999995 0.0705416666666667
0 0.612515625 0.6481666666666667 0.029140624999999965 0.038916666666666565
0 0.6658906250000001 0.6647708333333333 0.029484375000000007 0.0964791666666668
0 0.642625 0.5839166666666666 0.03464062499999994 0.06039583333333335
0 0.609015625 0.5640416666666667 0.03128124999999997 0.09364583333333337
0 0.62453125 0.5054791666666667 0.03189062499999995 0.02918749999999998
0 0.5612812500000001 0.49270833333333336 0.05131250000000005 0.032020833333333346
0 0.523109375 0.47 0.044906250000000016 0.03527083333333335
0 0.643078125 0.48035416666666664 0.050765625000000016 0.02756250000000004
0 0.635640625 0.41020833333333334 0.06321875000000006 0.04135416666666671
0 0.6429375 0.3755625 0.05350000000000001 0.03283333333333331
0 0.6190625 0.33360416666666665 0.06959374999999994 0.042166666666666686
0 0.758953125 0.2841458333333333 0.057531250000000075 0.056750000000000016
0 0.740703125 0.20247916666666665 0.045343749999999974 0.03527083333333335
0 0.6735 0.15404166666666666 0.12376562500000006 0.04783333333333335
0 0.8314843749999999 0.09425 0.04145312499999996 0.053916666666666654
0 0.922875 0.2831458333333333 0.06310937500000016 0.05877083333333332
0 0.9487187499999999 0.4892708333333333 0.023593749999999858 0.061604166666666654
0 0.992015625 0.4467083333333333 0.015953125000000058 0.049458333333333354