0 0.9380312500000001 0.5654791666666666 0.0530156250000001 0.08810416666666665
0 0.9659375000000001 0.6122083333333334 0.032937499999999884 0.08035416666666677
0 0.8640625 0.9489583333333333 0.103125 0.10208333333333333
0 0.5135625 0.9229166666666667 0.06570312499999993 0.10654166666666663
0 0.381609375 0.9372083333333333 0.06517187499999996 0.1113124999999999
0 0.320640625 0.9395833333333333 0.05485937500000002 0.11606250000000008
0 0.141125 0.7166666666666667 0.052953124999999976 0.1
0 0.15853124999999998 0.5735208333333334 0.043140624999999974 0.15772916666666667
0 0.357703125 0.5604166666666667 0.030765624999999998 0.08393749999999998
0 0.35325 0.6761874999999999 0.039687499999999966 0.14285416666666678
0 0.2764375 0.4154791666666667 0.046781249999999996 0.16904166666666665
0 0.118125 0.3988125 0.073921875 0.040479166666666684
0 0.124828125 0.44554166666666667 0.07839062499999999 0.056541666666666636
0 0.048453125 0.41904166666666665 0.041734375000000004 0.09522916666666663
0 0.154515625 0.30714583333333334 0.06189062499999998 0.07143750000000004
0 0.22351562500000002 0.26666666666666666 0.070421875 0.061895833333333324
0 0.415109375 0.30237499999999995 0.08751562499999999 0.18095833333333336
0 0.514234375 0.339875 0.06078124999999997 0.07262500000000002
0 0.592609375 0.32410416666666664 0.04700000000000006 0.08987499999999997
0 0.549734375 0.4678541666666666 0.03981250000000003 0.10714583333333334
0 0.60690625 0.36487499999999995 0.050562500000000024 0.09881250000000001
0 0.724140625 0.4922708333333333 0.13415625000000003 0.07262500000000002
0 0.8558749999999999 0.43333333333333335 0.10298437500000013 0.11904166666666664
0 0.715421875 0.5526875 0.07654687500000001 0.08035416666666671
0 0.76053125 0.3345208333333333 0.06853125000000002 0.05477083333333337
0 0.7609843749999999 0.2791666666666667 0.13195312500000006 0.075
0 0.6761250000000001 0.29939583333333336 0.051515625000000044 0.04404166666666664
0 0.69465625 0.19522916666666665 0.07160937500000006 0.10952083333333332
0 0.816765625 0.050895833333333335 0.051109375000000054 0.10179166666666667