0 0.06409375 0.37977083333333334 0.046203125000000005 0.12143750000000005
0 0.2445 0.2631041666666667 0.04989062500000001 0.10237500000000004
0 0.271984375 0.40952083333333333 0.10929687499999999 0.06189583333333329
0 0.373796875 0.6881041666666667 0.08079687499999996 0.16666666666666666
0 0.11321874999999999 0.7053541666666666 0.07303125000000002 0.07022916666666675
0 0.179984375 0.6756041666666667 0.06815625 0.058333333333333334
0 0.249421875 0.797625 0.06865625 0.14762500000000003
0 0.10428124999999999 0.8360208333333333 0.07301562499999999 0.051791666666666694
0 0.09825000000000002 0.7928541666666666 0.07435937500000002 0.04285416666666677
0 0.02434375 0.8113125 0.029203125000000003 0.09166666666666666
0 0.045109375 0.8419583333333333 0.030562499999999992 0.0636875000000001
0 0.145140625 0.9452291666666667 0.03420312500000002 0.10952083333333344
0 0.33046875 0.9357083333333333 0.03878124999999999 0.1142916666666667
0 0.41754687500000004 0.8104166666666667 0.043312500000000045 0.10772916666666674
0 0.46823437500000004 0.7032708333333333 0.05985937500000009 0.08393749999999993
0 0.532765625 0.6767916666666667 0.059453124999999926 0.08452083333333343
0 0.624765625 0.260125 0.06487499999999997 0.060708333333333364
0 0.71675 0.39314583333333336 0.052437499999999915 0.11845833333333336
0 0.611140625 0.5556458333333333 0.052796874999999945 0.1267916666666667
0 0.6892968749999999 0.6160625 0.11806249999999992 0.058333333333333334
0 0.654921875 0.6550625 0.12965625000000003 0.047020833333333435
0 0.667875 0.8089375000000001 0.12876562499999994 0.06310416666666659
0 0.76990625 0.7386874999999999 0.11409374999999997 0.11310416666666659
0 0.916375 0.35714583333333333 0.03201562500000001 0.12381250000000002
0 0.8344374999999999 0.06041666666666667 0.09940624999999992 0.060125
0 0.9043281249999999 0.08810416666666666 0.08828125 0.06189583333333333
0 0.974734375 0.20714583333333333 0.050531249999999875 0.10952083333333332
0 0.9734375 0.334375 0.053125 0.052083333333333336
0 0.8614375000000001 0.8604166666666667 0.03823437500000004 0.0886875000000001
0 0.8864531250000001 0.9068541666666667 0.031109375000000127 0.08631249999999989