0 0.15815625 0.26845833333333335 0.054625000000000014 0.08229166666666667
0 0.09323437500000001 0.3326041666666667 0.070609375 0.07631249999999999
0 0.103296875 0.7572708333333333 0.069921875 0.06452083333333339
0 0.46678125000000004 0.9517708333333333 0.10940624999999997 0.06464583333333328
0 0.40014062499999997 0.8607708333333334 0.03165624999999998 0.10952083333333344
0 0.46089062500000005 0.8746666666666666 0.04900000000000002 0.044687500000000095
0 0.54803125 0.890875 0.04967187499999994 0.1419583333333333
0 0.514875 0.7614375 0.04932812500000008 0.10064583333333323
0 0.458109375 0.705875 0.04343749999999993 0.10062499999999991
0 0.49021875000000004 0.6336041666666666 0.06253124999999997 0.048708333333333326
0 0.41176562499999997 0.6030416666666666 0.044500000000000026 0.0616458333333334
0 0.3556875 0.6014375 0.05387500000000003 0.05379166666666677
0 0.343890625 0.5528125 0.05804687499999996 0.05837499999999996
0 0.290421875 0.5738749999999999 0.04834375 0.06812500000000009
0 0.518171875 0.4648125 0.12882812500000007 0.06758333333333333
0 0.519734375 0.41225 0.08682812500000008 0.050416666666666644
0 0.48206249999999995 0.338625 0.1260625000000001 0.0790833333333333
0 0.69975 0.25758333333333333 0.08226562499999997 0.07441666666666666
0 0.682734375 0.13693750000000002 0.09684375000000003 0.067375
0 0.518859375 0.5752708333333333 0.08856249999999992 0.043125000000000094
0 0.71103125 0.915875 0.059687500000000074 0.08083333333333324
0 0.7799531250000001 0.966125 0.05515625000000002 0.06558333333333337
0 0.8471249999999999 0.9481458333333334 0.04021875000000001 0.10370833333333328
0 0.96328125 0.22604166666666667 0.0734375 0.06875
0 0.0875 0.020833333333333332 0.046875 0.041666666666666664