0 0.4369375 0.7690833333333333 0.049687499999999926 0.1113124999999999
0 0.249453125 0.8769791666666666 0.035859374999999985 0.1104583333333333
0 0.054859375 0.22699999999999998 0.066796875 0.06883333333333332
0 0.479984375 0.07164583333333334 0.13578124999999996 0.08679166666666666
0 0.5725 0.2733333333333333 0.10903124999999995 0.08739583333333331
0 0.7986875 0.3358333333333333 0.07876562499999995 0.09206249999999999
0 0.859625 0.2585 0.06521875000000002 0.11331250000000002
0 0.81275 0.7656041666666666 0.07564062500000004 0.08120833333333337
0 0.9063281249999999 0.8873958333333333 0.030140624999999942 0.09331249999999992
0 0.9829531250000001 0.5699375 0.0340937499999999 0.08339583333333328
0 0.388328125 0.18047916666666666 0.07748437499999997 0.09150000000000004
0 0.7941874999999999 0.021395833333333333 0.04890624999999993 0.042770833333333334
0 0.72890625 0.04791666666666667 0.0390625 0.09583333333333334