0 0.073609375 0.6225 0.054296875 0.10056249999999996
0 0.325140625 0.6597916666666667 0.04832812500000001 0.11493749999999991
0 0.305 0.8265 0.049734374999999977 0.09652083333333342
0 0.260046875 0.9054583333333334 0.08132812500000001 0.06462499999999996
0 0.45864062499999997 0.9712916666666668 0.061843750000000065 0.05741666666666655
0 0.54959375 0.9438958333333333 0.07709375000000004 0.05816666666666658
0 0.639 0.9596458333333333 0.03714062499999997 0.07114583333333328
0 0.67128125 0.9642708333333334 0.025328125000000055 0.0618750000000001
0 0.774046875 0.8306666666666668 0.05029687500000009 0.05856250000000003
0 0.8111875 0.9309375000000001 0.048218749999999935 0.08779166666666664
0 0.831328125 0.8848541666666667 0.046812500000000055 0.10212499999999997
0 0.8466093750000001 0.8362291666666667 0.021812500000000058 0.05114583333333324
0 0.843140625 0.7737083333333333 0.028765625000000128 0.0650000000000001
0 0.761546875 0.7264583333333333 0.09475000000000007 0.0631249999999999
0 0.6988749999999999 0.7836666666666667 0.042343750000000034 0.08956250000000002
0 0.6700625 0.6845625 0.047203125000000054 0.07652083333333337
0 0.635515625 0.6097708333333334 0.05798437500000002 0.051937499999999893
0 0.8486874999999999 0.6780833333333334 0.03987499999999997 0.06356249999999998
0 0.94034375 0.7364166666666667 0.08428125000000009 0.050624999999999906
0 0.808765625 0.6093125 0.05029687500000009 0.07879166666666677
0 0.75634375 0.520625 0.049609375 0.08197916666666666
0 0.694546875 0.5187708333333333 0.05101562499999997 0.09679166666666668
0 0.779765625 0.3703333333333333 0.11384375000000002 0.0823541666666666
0 0.700796875 0.3126875 0.035734375000000006 0.08277083333333338
0 0.6856875 0.19991666666666666 0.057624999999999996 0.07483333333333331
0 0.787765625 0.1353125 0.05342187499999991 0.08914583333333331
0 0.84278125 0.1501458333333333 0.0627812500000001 0.19289583333333335
0 0.5528906250000001 0.20085416666666667 0.045500000000000006 0.0766875
0 0.49040625000000004 0.16564583333333335 0.07329687499999996 0.06185416666666666
0 0.437625 0.21195833333333333 0.051078124999999905 0.06187499999999998
0 0.450125 0.27447916666666666 0.034421874999999956 0.04802083333333336
0 0.412109375 0.37614583333333335 0.05212500000000002 0.10783333333333331
0 0.392140625 0.3201041666666667 0.06428125000000003 0.0790833333333333
0 0.319234375 0.3129166666666666 0.04903124999999999 0.06008333333333328
0 0.337296875 0.34070833333333334 0.051796874999999964 0.07862500000000001
0 0.2918125 0.4034583333333333 0.051125000000000045 0.04208333333333331
0 0.31124999999999997 0.4523125 0.034453125000000015 0.05183333333333332
0 0.386765625 0.5333541666666667 0.077828125 0.07504166666666663
0 0.226546875 0.39929166666666666 0.10112500000000002 0.06152083333333339
0 0.3230625 0.1545416666666667 0.05806249999999995 0.0951875
0 0.371671875 0.20987499999999998 0.04415624999999999 0.08087499999999999
0 0.226546875 0.10637500000000001 0.07335937499999998 0.07293749999999997
0 0.26751562500000003 0.06514583333333333 0.05806250000000004 0.05531250000000001
0 0.20259375 0.02833333333333333 0.07406249999999999 0.051125
0 0.01953125 0.146875 0.0390625 0.15625
0 0.1203125 0.7132708333333333 0.05532812499999999 0.07839583333333332
0 0.06493750000000001 0.8809166666666666 0.038328125000000005 0.061833333333333226
0 0.019140625 0.9311458333333333 0.03828125 0.028041666666666742
0 0.203453125 0.9851041666666667 0.0028906250000000355 0.0016874999999998864