0 0.330921875 0.17768750000000003 0.13793750000000005 0.07797916666666668
0 0.197171875 0.6452291666666666 0.044500000000000005 0.10477083333333326
0 0.020999999999999998 0.7455416666666667 0.03590625 0.10893749999999992
0 0.22978125 0.7833333333333333 0.11865624999999999 0.07143749999999992
0 0.5470625 0.23660416666666664 0.07018749999999993 0.07916666666666666
0 0.606453125 0.1595208333333333 0.05504687500000003 0.08570833333333332
0 0.552640625 0.6333333333333333 0.07689062500000006 0.05714583333333323
0 0.53515625 0.9302083333333333 0.0515625 0.13958333333333334
0 0.27821875 0.975 0.050359375000000026 0.05
0 0.9195156250000001 0.24583333333333332 0.11865625000000009 0.07977083333333335
0 0.94965625 0.3142916666666667 0.07624999999999993 0.03810416666666671
0 0.9490624999999999 0.35952083333333335 0.10187500000000008 0.05714583333333335
0 0.7587343750000001 0.4488125 0.08282812500000007 0.07856249999999995
0 0.826171875 0.4800625 0.10162499999999994 0.05416666666666667
0 0.92128125 0.5178541666666666 0.05078125 0.04047916666666662
0 0.8886875 0.5809583333333334 0.04807812499999997 0.09522916666666674
0 0.9485312499999999 0.6410625 0.042749999999999844 0.08452083333333343
0 0.832421875 0.7348125 0.0426874999999999 0.1113124999999999
0 0.908796875 0.8368958333333333 0.10078125 0.07856250000000008
0 0.9803124999999999 0.7541666666666667 0.03937500000000007 0.14404166666666665
0 0.9096875000000001 0.7404791666666667 0.0811406250000001 0.05714583333333323