0 0.9547812499999999 0.21070833333333333 0.07312499999999993 0.0690416666666667
0 0.85765625 0.39820833333333333 0.07082812499999988 0.075
0 0.936921875 0.45387500000000003 0.09098437500000003 0.09702083333333332
0 0.7205468749999999 0.5526875 0.05556249999999992 0.12797916666666662
0 0.9159375000000001 0.6610208333333334 0.0579218749999999 0.10654166666666663
0 0.954109375 0.7449375 0.031593750000000045 0.11964583333333323
0 0.990359375 0.7452291666666666 0.01928124999999987 0.13810416666666658
0 0.9585781250000001 0.875 0.04053125000000009 0.0881041666666666
0 0.923078125 0.8550625000000001 0.054359374999999946 0.06606250000000008
0 0.884453125 0.9571458333333334 0.08871874999999996 0.0857083333333333
0 0.760296875 0.8967291666666667 0.09042187500000001 0.1256041666666666
0 0.70984375 0.7720208333333333 0.05912500000000005 0.10356250000000007
0 0.573625 0.8107083333333333 0.05635937500000008 0.19762500000000002
0 0.396125 0.8800625 0.12903125 0.1256041666666666
0 0.23132812500000002 0.8857083333333333 0.07265625 0.06189583333333341
0 0.17751562499999998 0.8232083333333333 0.058781249999999986 0.04404166666666664
0 0.159875 0.9660624999999999 0.036890625000000024 0.06785416666666677
0 0.0998125 0.9690416666666667 0.046218749999999996 0.06189583333333341
0 0.26170312500000004 0.975 0.09768749999999997 0.05
0 0.25992187499999997 0.6931458333333332 0.09410937500000002 0.0756041666666666
0 0.218171875 0.6050625000000001 0.149015625 0.07083333333333333
0 0.08956249999999999 0.6104166666666667 0.123921875 0.06487499999999997
0 0.050749999999999997 0.4678541666666666 0.101484375 0.05952083333333332
0 0.151390625 0.4973125 0.05743749999999999 0.12439583333333329
0 0.113890625 0.43333333333333335 0.060968750000000016 0.03810416666666671
0 0.166578125 0.3875 0.09495312500000001 0.029770833333333375
0 0.041984375 0.2934583333333334 0.06896875 0.05595833333333336
0 0.12884374999999998 0.2827291666666667 0.09537499999999999 0.053562499999999985
0 0.21034375 0.30089583333333336 0.03959374999999998 0.08868749999999999
0 0.6658593749999999 0.13095833333333334 0.09348437500000006 0.05237500000000002
0 0.590828125 0.10297916666666666 0.050562500000000024 0.05595833333333333
0 0.53359375 0.03125 0.0453125 0.0625
0 0.48810937499999996 0.0714375 0.04156250000000004 0.12381249999999998
0 0.435421875 0.1761875 0.09689062499999998 0.06666666666666667
0 0.3485625 0.14285416666666664 0.101765625 0.052374999999999984
0 0.246296875 0.21310416666666668 0.12045312500000002 0.07381250000000002
0 0.249421875 0.14166666666666666 0.06418749999999998 0.05
0 0.13353125 0.15179166666666666 0.07795312500000001 0.08214583333333335
0 0.108078125 0.0526875 0.05382812500000002 0.08035416666666668
0 0.5186875 0.3997083333333334 0.004515624999999979 0.0006041666666667093