0 0.19762500000000002 0.12589583333333335 0.09004687500000001 0.07202083333333335
0 0.08062499999999999 0.27112499999999995 0.08818749999999999 0.05297916666666668
0 0.027031249999999996 0.17291666666666666 0.052437500000000005 0.05893749999999998
0 0.061421875 0.047625 0.0944375 0.09522916666666668
0 0.5524218750000001 0.6434583333333334 0.06304687500000003 0.11310416666666659
0 0.37959375 0.7467291666666667 0.06560937500000001 0.1113124999999999
0 0.24540625 0.889875 0.08740624999999999 0.058333333333333334
0 0.242265625 0.9645833333333333 0.03650000000000002 0.07083333333333333
0 0.17640625000000001 0.9440416666666667 0.04315625000000001 0.05952083333333344
0 0.117234375 0.9279791666666667 0.07214062500000001 0.06310416666666659
0 0.90878125 0.9282708333333333 0.07934374999999996 0.12916666666666668
0 0.6390625 0.9729166666666667 0.040625 0.05416666666666667
0 0.576984375 0.7785624999999999 0.08539062499999997 0.06189583333333341
0 0.9224062500000001 0.6416666666666667 0.06640625 0.07381249999999989
0 0.89784375 0.24256250000000001 0.0797968749999999 0.06727083333333335
0 0.9688437499999999 0.18154166666666666 0.05215625000000017 0.0940416666666667
0 0.695109375 0.18214583333333334 0.12074999999999995 0.08333333333333333