0 0.9613437499999999 0.09522916666666668 0.07731250000000003 0.10000000000000002
0 0.871046875 0.13541666666666666 0.07976562499999992 0.06727083333333332
0 0.8156718749999999 0.24522916666666666 0.06901562500000002 0.11429166666666664
0 0.6453125 0.035416666666666666 0.04375 0.07083333333333333
0 0.615625 0.04375 0.04375 0.0875
0 0.604 0.15029166666666666 0.045656250000000044 0.08512499999999998
0 0.580546875 0.25535416666666666 0.05681250000000002 0.12262500000000003
0 0.7623125 0.5306458333333333 0.08282812499999999 0.07679166666666663
0 0.632375 0.42410416666666667 0.142578125 0.16131250000000003
0 0.540578125 0.45268749999999996 0.06170312500000001 0.09464583333333335
0 0.516015625 0.48839583333333336 0.05364062500000007 0.08512500000000003
0 0.575421875 0.5678541666666667 0.05993750000000002 0.06904166666666664
0 0.634375 0.6696458333333334 0.08854687499999994 0.07022916666666675
0 0.535453125 0.6068541666666667 0.06481250000000002 0.05772916666666674
0 0.481640625 0.5631041666666667 0.06879687499999995 0.05952083333333344
0 0.43228125000000006 0.5404791666666667 0.05314062499999998 0.1571458333333333
0 0.40928125 0.4678541666666666 0.03125 0.10714583333333334
0 0.37043750000000003 0.6232083333333333 0.033890624999999994 0.12022916666666675
0 0.34209375 0.6964375 0.10131250000000006 0.06429166666666669
0 0.368875 0.7282708333333333 0.04417187499999997 0.08631249999999989
0 0.266609375 0.6523749999999999 0.055703124999999964 0.09522916666666674
0 0.34253125 0.9017916666666667 0.05396875000000003 0.08214583333333322
0 0.30681250000000004 0.9068541666666667 0.10754687499999997 0.18154166666666663
0 0.16703125000000002 0.8458333333333333 0.069046875 0.06547916666666656
0 0.089765625 0.8089375000000001 0.0841875 0.06310416666666659
0 0.22731249999999997 0.6857083333333333 0.03782812499999997 0.09047916666666657
0 0.20364062500000002 0.56875 0.052984375000000014 0.12439583333333334
0 0.15006250000000002 0.35981250000000004 0.06724999999999999 0.15179166666666669
0 0.25410937499999997 0.38095833333333334 0.048562499999999974 0.11904166666666664
0 0.383390625 0.21875 0.05087499999999996 0.09106250000000002
0 0.44903125 0.2714375 0.04823437500000001 0.15237499999999998
0 0.44948437500000005 0.11458333333333333 0.04020312500000003 0.13272916666666668
0 0.42112499999999997 0.0988125 0.05045312499999999 0.13095833333333334
0 0.33203125 0.039875 0.08925000000000001 0.072625
0 0.24271875 0.07112500000000001 0.08204687499999999 0.08154166666666667
0 0.162109375 0.1074375 0.060999999999999985 0.07560416666666668