0 0.049 0.27541666666666664 0.09798437500000001 0.0869166666666667
0 0.273765625 0.3441666666666666 0.07056250000000004 0.07168749999999993
0 0.339203125 0.27239583333333334 0.061875000000000034 0.0818333333333333
0 0.6599999999999999 0.3409375 0.11734375000000004 0.05593750000000005
0 0.6896875 0.41433333333333333 0.07740624999999994 0.04995833333333337
0 0.8736875 0.2557291666666667 0.08985937499999999 0.07070833333333333
0 0.850421875 0.12466666666666668 0.09195312499999986 0.07710416666666665
0 0.26890625 0.020458333333333335 0.04695312500000002 0.04091666666666667
0 0.51678125 0.5539583333333333 0.051078125000000085 0.056083333333333305
0 0.46731249999999996 0.5803541666666666 0.030593750000000065 0.06256249999999994
0 0.274109375 0.7577291666666667 0.07820312500000001 0.05618750000000006
0 0.53709375 0.6016458333333333 0.05487500000000001 0.03850000000000004
0 0.5896874999999999 0.6007291666666668 0.04965624999999996 0.04777083333333323
0 0.656359375 0.6278333333333334 0.04407812500000006 0.041749999999999926
0 0.631875 0.7033124999999999 0.05415624999999995 0.10941666666666663
0 0.694359375 0.7618958333333333 0.062484375000000016 0.11083333333333342
0 0.730640625 0.8980625 0.05378124999999993 0.1424166666666667
0 0.644203125 0.9543125 0.11004687499999992 0.05585416666666655
0 0.5718125 0.8619375 0.038203125000000074 0.1072083333333334
0 0.641078125 0.8809166666666666 0.06907812500000006 0.04329166666666661
0 0.37878124999999996 0.8899583333333333 0.02714062500000001 0.10304166666666674
0 0.691234375 0.5775833333333333 0.08260937500000001 0.05700000000000003