0 0.10018750000000001 0.31129166666666663 0.10187499999999998 0.08927083333333335
0 0.20190625 0.39929166666666666 0.06226562500000001 0.06152083333333339
0 0.3449375 0.47431249999999997 0.08443750000000003 0.06343749999999998
0 0.338515625 0.3765833333333333 0.06118750000000004 0.062437500000000055
0 0.38451562499999997 0.2497083333333333 0.06637499999999999 0.08643749999999999
0 0.487109375 0.15522916666666667 0.05281249999999993 0.0826875
0 0.5561875 0.21775 0.05903124999999996 0.06883333333333332
0 0.47893749999999996 0.2890625 0.03301562499999999 0.0818333333333333
0 0.43589062500000003 0.45579166666666665 0.07192187499999995 0.10045833333333327
0 0.519734375 0.49885416666666665 0.07640624999999997 0.04770833333333328
0 0.537953125 0.4435 0.12326562499999998 0.04349999999999999
0 0.41159375000000004 0.34625 0.05109375000000003 0.05270833333333336
0 0.6775156250000001 0.0955 0.05517187499999991 0.10210416666666665
0 0.7322031250000001 0.39558333333333334 0.04299999999999997 0.07264583333333334
0 0.64125 0.654 0.041640624999999966 0.10800000000000007
0 0.419046875 0.6838541666666667 0.11115624999999998 0.051979166666666764
0 0.44284375000000004 0.5847708333333334 0.03025000000000002 0.09452083333333335
0 0.41281249999999997 0.7869166666666667 0.05700000000000003 0.08677083333333328
0 0.49768749999999995 0.9059166666666666 0.070515625 0.07481249999999993
0 0.74990625 0.7382916666666667 0.029812500000000065 0.09137500000000003
0 0.70946875 0.8015000000000001 0.06349999999999997 0.0650208333333334
0 0.7788906250000001 0.7556458333333332 0.021812500000000058 0.09370833333333337
0 0.81534375 0.7706875 0.03221874999999992 0.08212499999999992
0 0.79121875 0.8387708333333334 0.033265624999999945 0.07939583333333336
0 0.77246875 0.5979583333333333 0.057578124999999945 0.06072916666666662
0 0.975046875 0.6817916666666667 0.04953125000000007 0.1265416666666667
0 0.979484375 0.46875 0.041031249999999984 0.07083333333333333
0 0.8533593749999999 0.35389583333333335 0.05962500000000013 0.06335416666666673
0 0.919671875 0.13462500000000002 0.060296874999999875 0.1387083333333333
0 0.746953125 0.2450625 0.05862499999999997 0.07718750000000002
0 0.7907031250000001 0.9712916666666668 0.03499999999999996 0.05741666666666655
0 0.33399999999999996 0.9724583333333333 0.048687500000000036 0.05508333333333345