0 0.023671875000000002 0.8535625 0.041265625 0.11666666666666667
0 0.23356249999999998 0.7672708333333333 0.05032812499999997 0.12262500000000003
0 0.418453125 0.258625 0.13440624999999998 0.11131249999999998
0 0.2210625 0.13839583333333336 0.06104687499999999 0.09464583333333335
0 0.323734375 0.025604166666666664 0.162171875 0.051187500000000004
0 0.59453125 0.052083333333333336 0.0734375 0.10416666666666667
0 0.658484375 0.3547708333333333 0.08678124999999995 0.08095833333333337
0 0.7301562500000001 0.2863125 0.06137499999999996 0.0892916666666667
0 0.634140625 0.8107083333333333 0.07470312499999991 0.07856250000000008
0 0.7323906250000001 0.9511875 0.056906249999999936 0.09762500000000003
0 0.94609375 0.9520833333333333 0.0390625 0.09583333333333334
0 0.9803124999999999 0.9467291666666667 0.03937500000000007 0.10654166666666663
0 0.8491562500000001 0.647625 0.044937499999999984 0.08095833333333337
0 0.909015625 0.6122083333333334 0.05746874999999996 0.056541666666666636
0 0.9451875 0.6794583333333333 0.10304687500000007 0.060125000000000026