0 0.106078125 0.26102083333333337 0.07659375000000002 0.0684583333333333
0 0.083078125 0.5395833333333333 0.07970312499999999 0.12560416666666666
0 0.125953125 0.6559583333333333 0.12974999999999998 0.054770833333333255
0 0.025453125 0.6738125 0.04484375 0.09047916666666657
0 0.145375 0.8074375 0.137359375 0.06606250000000008
0 0.25278125 0.7368958333333333 0.09768749999999997 0.09762500000000003
0 0.34162499999999996 0.8616041666666666 0.03432812500000004 0.09106250000000007
0 0.36596875 0.9059583333333333 0.02496875000000003 0.07856250000000008
0 0.5848125 0.9285625 0.14121875 0.0761875000000001
0 0.5763125 0.83125 0.09743750000000002 0.08987499999999997
0 0.812328125 0.8160624999999999 0.10071875000000005 0.053562500000000075
0 0.83421875 0.7610208333333334 0.09984375000000005 0.06845833333333336
0 0.8576406249999999 0.46160416666666665 0.04940624999999983 0.1482083333333333
0 0.792015625 0.46547916666666667 0.07346874999999997 0.07856249999999995
0 0.7067187500000001 0.4074375 0.07251562499999994 0.07560416666666671
0 0.47450000000000003 0.4595208333333333 0.12595312500000003 0.06666666666666667
0 0.39968750000000003 0.35654166666666665 0.04329687500000001 0.11070833333333331
0 0.201625 0.38512500000000005 0.035578124999999995 0.09643750000000004
0 0.47046875000000005 0.37737499999999996 0.07326562499999997 0.06904166666666664
0 0.551296875 0.38839583333333333 0.04740625000000005 0.15654166666666663
0 0.515359375 0.25625 0.051406249999999966 0.10654166666666663
0 0.44859375 0.202375 0.05628124999999997 0.12381250000000002
0 0.484765625 0.13095833333333334 0.06612500000000007 0.05237500000000002
0 0.5146875 0.066375 0.09918750000000003 0.07202083333333333
0 0.418453125 0.09970833333333333 0.06295312499999998 0.06727083333333332
0 0.352359375 0.10060416666666666 0.07362500000000001 0.05118750000000002
0 0.31820312500000003 0.064875 0.09906249999999997 0.075
0 0.8159218750000001 0.9764791666666667 0.23290624999999993 0.047020833333333435