0 0.139796875 0.1151875 0.08778125 0.05060416666666668
0 0.058953124999999995 0.09047916666666667 0.085046875 0.04285416666666668
0 0.01484375 0.475 0.0296875 0.075
0 0.0203125 0.559375 0.040625 0.052083333333333336
0 0.01946875 0.7294583333333333 0.0389375 0.06487499999999997
0 0.027515625 0.8104166666666667 0.05503125 0.060125000000000026
0 0.144703125 0.7035625 0.11368750000000002 0.10237499999999997
0 0.27754687499999997 0.6395833333333333 0.06242187499999998 0.18272916666666675
0 0.369328125 0.9327291666666666 0.054000000000000006 0.09643749999999993
0 0.40304687499999997 0.5928541666666667 0.05445312500000003 0.09522916666666674
0 0.44971875 0.6916666666666667 0.08976562500000007 0.10237499999999997
0 0.46042187500000004 0.8011874999999999 0.057624999999999996 0.03570833333333331
0 0.44703125000000005 0.8627916666666666 0.06654687500000005 0.06964583333333323
0 0.550640625 0.84375 0.09518749999999994 0.055354166666666774
0 0.5041875 0.8729166666666667 0.038000000000000075 0.030354166666666772
0 0.56403125 0.8958333333333334 0.05054687500000003 0.07022916666666675
0 0.617640625 0.9669583333333333 0.15776562500000005 0.051791666666666694
0 0.723671875 0.8333333333333334 0.05289062500000004 0.1238124999999999
0 0.695328125 0.7232083333333333 0.06314062499999995 0.08214583333333322
0 0.5626875 0.7455416666666667 0.07465624999999995 0.08512500000000003
0 0.57965625 0.6321458333333333 0.055015625000000054 0.07856250000000008
0 0.629 0.6547708333333334 0.042109375000000074 0.1
0 0.6169374999999999 0.5407708333333333 0.02690625000000004 0.10416666666666667
0 0.6444062500000001 0.5264791666666667 0.03273437500000007 0.0993958333333333
0 0.586140625 0.46845833333333337 0.04564062500000006 0.09643750000000004
0 0.395 0.3988125 0.05623437500000002 0.1357083333333333
0 0.5104375 0.24554166666666666 0.06837499999999999 0.08512499999999996
0 0.57296875 0.289875 0.06842187499999994 0.09643750000000001
0 0.710953125 0.3452291666666667 0.06760937499999997 0.1
0 0.7799531249999999 0.38810416666666664 0.07614062499999993 0.09047916666666668
0 0.9190625000000001 0.22797916666666668 0.09096875000000004 0.06785416666666665
0 0.9709375 0.33214583333333336 0.05812500000000007 0.16904166666666665
0 0.7656562499999999 0.1214375 0.04754687499999992 0.10477083333333334
0 0.69621875 0.13660416666666667 0.04706250000000001 0.04583333333333333
0 0.5874843750000001 0.09227083333333333 0.07512500000000007 0.058333333333333334
0 0.68828125 0.027083333333333334 0.0609375 0.05416666666666667
0 0.325109375 0.05445833333333334 0.08165624999999999 0.04820833333333333
0 0.26437499999999997 0.04435416666666667 0.049453124999999966 0.06368750000000001
0 0.18020312499999996 0.03125 0.04628124999999998 0.0613125
0 0.17909375 0.17977083333333335 0.08423437499999997 0.07856250000000002
0 0.9256249999999999 0.7797708333333334 0.14875000000000008 0.1118958333333334