0 0.89428125 0.19583333333333333 0.09050000000000011 0.075
0 0.79490625 0.1526875 0.07481250000000009 0.08987500000000001
0 0.73371875 0.14820833333333333 0.03279687500000002 0.09881250000000001
0 0.764546875 0.07768749999999999 0.04978125000000002 0.058937500000000004
0 0.741765625 0.32827083333333335 0.06673437500000005 0.048208333333333304
0 0.702015625 0.264875 0.06760937499999997 0.046437499999999986
0 0.614046875 0.2618958333333333 0.06129687500000003 0.05237500000000003
0 0.5376875 0.30833333333333335 0.07821874999999992 0.07381250000000002
0 0.443671875 0.2907708333333333 0.03751562499999998 0.056541666666666636
0 0.29765625 0.41964583333333333 0.057968750000000034 0.04643750000000004
0 0.45506250000000004 0.428875 0.06476562500000008 0.04702083333333332
0 0.06253125000000001 0.22768750000000001 0.09220312500000001 0.07320833333333336
0 0.06185937500000001 0.46397916666666666 0.06853125 0.05772916666666662
0 0.6229843749999999 0.9285625 0.07917187499999993 0.05237499999999997
0 0.720328125 0.9202291666666667 0.04171875000000007 0.05952083333333344
0 0.9803124999999999 0.5285625 0.03937500000000007 0.06189583333333329
0 0.1781875 0.9631041666666668 0.04671875000000001 0.05