0 0.2795625 0.37022916666666666 0.04410937500000003 0.07856249999999995
0 0.31796875 0.4 0.031625000000000014 0.09047916666666668
0 0.04221874999999999 0.5666666666666667 0.0828125 0.1142916666666667
0 0.094015625 0.858625 0.06140624999999998 0.0732083333333333
0 0.034171875 0.9178541666666666 0.06671875000000001 0.07856250000000008
0 0.407734375 0.9205416666666667 0.09510937500000001 0.05416666666666667
0 0.611375 0.8375 0.07379687500000003 0.07262500000000002
0 0.59328125 0.7113125 0.05993750000000002 0.058333333333333334
0 0.47340625000000003 0.6467291666666667 0.19964062499999996 0.08272916666666674
0 0.748921875 0.5574375 0.08103125000000003 0.08987499999999997
0 0.8925000000000001 0.8392916666666667 0.1047968749999999 0.1118958333333334
0 0.39590625 0.1988125 0.129484375 0.09285416666666665
0 0.169703125 0.25416666666666665 0.038671875 0.12022916666666665
0 0.5626875 0.2669583333333333 0.05679687500000004 0.056541666666666636
0 0.869703125 0.23333333333333334 0.05029687500000009 0.09047916666666668
0 0.6638437500000001 0.21695833333333334 0.12965625000000003 0.05179166666666664
0 0.70246875 0.17470833333333333 0.03814062499999995 0.07439583333333336
0 0.655578125 0.13154166666666667 0.046140624999999956 0.08929166666666664
0 0.581890625 0.060708333333333336 0.03268749999999994 0.07856250000000002
0 0.652453125 0.28064583333333337 0.06668749999999993 0.07202083333333333