0 0.90721875 0.16606249999999997 0.03603124999999992 0.11070833333333335
0 0.937359375 0.18214583333333334 0.029359374999999945 0.10714583333333334
0 0.7815000000000001 0.034520833333333334 0.059171875000000006 0.06904166666666667
0 0.30590625 0.05477083333333333 0.05217187499999998 0.10952083333333335
0 0.248078125 0.0550625 0.05704687499999998 0.1089375
0 0.37089062500000003 0.164875 0.09731249999999995 0.060708333333333364
0 0.503296875 0.1907708333333333 0.07193749999999995 0.07083333333333333
0 0.2346875 0.4026875 0.13742187499999997 0.06606249999999995
0 0.5271874999999999 0.3714375 0.052749999999999984 0.1857083333333333
0 0.590828125 0.37083333333333335 0.050562500000000024 0.06785416666666665
0 0.6336875 0.3116041666666666 0.04701562500000005 0.08154166666666664
0 0.336515625 0.6464375 0.126765625 0.08333333333333333
0 0.568734375 0.7389791666666666 0.10190625000000005 0.0982083333333333
0 0.640625 0.672625 0.06532812499999992 0.1118958333333334
0 0.9602187499999999 0.7839375000000001 0.07954687500000013 0.08452083333333343
0 0.97890625 0.8625 0.0421875 0.041666666666666664
0 0.975859375 0.9238125 0.048281250000000143 0.06666666666666667