0 0.724125 0.613125 0.05398437499999993 0.09566666666666658
0 0.8231875000000001 0.27118749999999997 0.08801562499999997 0.06308333333333337
0 0.9783125 0.3129166666666666 0.04337499999999998 0.0854791666666666
0 0.977359375 0.7955208333333333 0.04528125000000003 0.07274999999999991
0 0.9743437500000001 0.8741458333333333 0.03924999999999983 0.03764583333333344
0 0.924140625 0.8893958333333334 0.044937499999999984 0.06818750000000004
0 0.87146875 0.9130625 0.043390624999999974 0.06970833333333341
0 0.80409375 0.8962708333333332 0.06509375000000003 0.12770833333333323
0 0.7224062499999999 0.962 0.054359374999999946 0.07600000000000004
0 0.659796875 0.8995833333333334 0.07568750000000009 0.06818750000000004
0 0.6073125 0.9772708333333333 0.07985937500000002 0.04545833333333344
0 0.49889062500000003 0.8637083333333333 0.030921874999999942 0.08293750000000012
0 0.49621875 0.9588541666666667 0.033218749999999984 0.07987500000000007
0 0.5935625 0.6871458333333333 0.037093750000000016 0.08597916666666663
0 0.500796875 0.7985833333333333 0.057656249999999964 0.05443749999999999
0 0.455953125 0.8275833333333333 0.040437499999999994 0.04120833333333328
0 0.41051562500000005 0.8166458333333334 0.048812500000000016 0.03460416666666669
0 0.28359375 0.9367291666666666 0.04299999999999997 0.0915833333333334
0 0.235875 0.9558125000000001 0.031515625000000026 0.03306250000000001
0 0.15534375 0.9143333333333333 0.06125000000000003 0.046812500000000055
0 0.23339062500000002 0.8571041666666667 0.04564062499999997 0.05952083333333344
0 0.98021875 0.6052291666666666 0.0395624999999999 0.07479166666666662
0 0.9344531249999999 0.08293750000000001 0.024343749999999886 0.13433333333333336
0 0.75084375 0.1312708333333333 0.08910937499999996 0.05799999999999999
0 0.69071875 0.21141666666666667 0.04440624999999994 0.060541666666666674
0 0.30840625 0.6456875 0.054468750000000024 0.1200833333333333
0 0.232828125 0.6690833333333334 0.04068750000000003 0.1261875000000001
0 0.029359375 0.7070000000000001 0.050484375000000005 0.11550000000000012
0 0.093875 0.47829166666666667 0.052812499999999984 0.06004166666666665
0 0.03356250000000001 0.4640416666666667 0.054296875 0.051895833333333384
0 0.1973125 0.5039791666666668 0.05365624999999998 0.06564583333333338
0 0.21928125 0.56325 0.0555625 0.05697916666666671
0 0.15037499999999998 0.46531249999999996 0.02840625000000001 0.049354166666666664
0 0.37750000000000006 0.3307291666666667 0.06292187500000002 0.04985416666666668
0 0.46148437500000006 0.23022916666666668 0.06296874999999993 0.047312500000000014
0 0.37426562499999994 0.1625625 0.09078125 0.10939583333333332
0 0.341234375 0.267125 0.04381250000000003 0.054958333333333324
0 0.3135625 0.303 0.03806250000000002 0.04018750000000004
0 0.27825 0.27220833333333333 0.03231250000000001 0.04477083333333335
0 0.300015625 0.23022916666666668 0.03767187500000002 0.047312500000000014
0 0.312984375 0.19614583333333335 0.03309375000000001 0.05037500000000002
0 0.14884375 0.3465 0.040625 0.05087500000000003
0 0.127078125 0.36991666666666667 0.03526562499999999 0.05697916666666671
0 0.10493749999999999 0.2986666666666667 0.03678124999999999 0.05697916666666671
0 0.18606249999999996 0.3640625 0.04256249999999999 0.04018750000000004
0 0.220796875 0.3811041666666667 0.028078125000000044 0.07937500000000004
0 0.21603124999999998 0.31114583333333334 0.025406249999999984 0.060541666666666674
0 0.247703125 0.26508333333333334 0.023125000000000017 0.11193749999999998
0 0.23378125 0.2203125 0.02350000000000003 0.08343750000000003
0 0.18740625 0.22464583333333332 0.058203125 0.034083333333333306
0 0.20745312500000002 0.16968750000000002 0.08532812500000002 0.038166666666666654
0 0.24865624999999997 0.093875 0.03650000000000002 0.12058333333333332
0 0.2433125 0.016791666666666667 0.02610937499999997 0.03358333333333333
0 0.21735937500000002 0.02314583333333333 0.016968750000000022 0.04629166666666666
0 0.2038125 0.05902083333333333 0.02845312499999999 0.05597916666666668
0 0.336265625 0.054958333333333324 0.03179687500000004 0.10989583333333333
0 0.06009375 0.17935416666666668 0.05010937500000001 0.10837500000000003
0 0.130140625 0.17706249999999998 0.04137499999999998 0.08854166666666667