0 0.75896875 0.8065416666666666 0.150265625 0.10595833333333336
0 0.9608125 0.5002916666666667 0.07179687500000007 0.07083333333333333
0 0.963265625 0.39018749999999996 0.06331249999999997 0.07679166666666669
0 0.8855625 0.041666666666666664 0.08648437499999986 0.06429166666666666
0 0.9726250000000001 0.03602083333333333 0.03403124999999996 0.07202083333333335
0 0.6870625 0.31220833333333337 0.08679687499999993 0.09939583333333332
0 0.57275 0.3842291666666667 0.12601562499999996 0.06487499999999997
0 0.564921875 0.44345833333333334 0.05232812500000002 0.04643750000000004
0 0.41040625000000003 0.7892916666666667 0.046875 0.10714583333333323
0 0.303015625 0.8157708333333333 0.06868749999999997 0.10654166666666663
0 0.23735937499999998 0.8214375 0.05345312499999997 0.1
0 0.08642187500000001 0.5178541666666666 0.055156250000000004 0.1357083333333333
0 0.07190625 0.6547708333333334 0.0484375 0.1
0 0.25321875 0.55 0.03604687499999999 0.2
0 0.3871875 0.2824375 0.06471874999999998 0.07797916666666668
0 0.44725000000000004 0.26279166666666665 0.04467187500000005 0.08393749999999998
0 0.59084375 0.1943541666666667 0.13987499999999997 0.05416666666666667
0 0.5544374999999999 0.22856249999999997 0.11618750000000003 0.05714583333333335
0 0.520046875 0.13602083333333334 0.06703124999999996 0.08987500000000001
0 0.28917187499999997 0.25327083333333333 0.085640625 0.16012500000000002
0 0.172828125 0.3654791666666667 0.053859375 0.14047916666666668
0 0.08062499999999999 0.2699375 0.123921875 0.08393750000000001
0 0.031984374999999995 0.37737499999999996 0.06395312500000001 0.045229166666666626
0 0.03828125 0.41354166666666664 0.0765625 0.03958333333333333
0 0.7712343749999999 0.4404791666666667 0.03639062499999994 0.1