0 0.05696875 0.16681249999999997 0.04668749999999999 0.05954166666666663
0 0.1055625 0.219375 0.04667187500000001 0.07670833333333332
0 0.1984375 0.2659166666666667 0.083109375 0.05404166666666669
0 0.29667187500000003 0.24622916666666667 0.10598437499999998 0.056333333333333346
0 0.289390625 0.1116875 0.05668750000000004 0.06968750000000003
0 0.383296875 0.1589375 0.08825000000000002 0.05304166666666668
0 0.400828125 0.10566666666666666 0.050406249999999986 0.029854166666666664
0 0.49143749999999997 0.0866875 0.08578124999999996 0.0381875
0 0.56121875 0.09456250000000001 0.07951562499999998 0.0631875
0 0.274109375 0.5456249999999999 0.10946875 0.07643750000000006
0 0.238875 0.42614583333333333 0.10495312500000002 0.059687499999999956
0 0.33521875 0.34279166666666666 0.06500000000000003 0.041125000000000016
0 0.705640625 0.024166666666666666 0.06279687500000009 0.04833333333333333
0 0.7828906250000001 0.044083333333333335 0.08881250000000004 0.04556249999999999
0 0.8625624999999999 0.426625 0.043312500000000045 0.12545833333333328
0 0.7365468749999999 0.6801875000000001 0.04821875000000002 0.19277083333333328
0 0.43640625 0.6090625000000001 0.09031249999999998 0.0644374999999999
0 0.404296875 0.5321874999999999 0.14067187499999995 0.058833333333333356
0 0.43190625000000005 0.7994166666666668 0.07434375000000001 0.06547916666666656
0 0.375484375 0.7394375 0.06221875000000003 0.05202083333333339
0 0.833921875 0.9620416666666666 0.03117187500000007 0.07591666666666678
0 0.8641249999999999 0.62275 0.04296875 0.1149166666666666
0 0.9273125 0.7278749999999999 0.09987500000000012 0.11220833333333337
0 0.932515625 0.8663124999999999 0.07557812499999983 0.04654166666666673
0 0.9101250000000001 0.9320833333333333 0.08981250000000003 0.0484375
0 0.98359375 0.8854166666666666 0.0328125 0.058333333333333334
0 0.9820781249999999 0.9320833333333333 0.0358281250000001 0.0484375
0 0.320640625 0.8957291666666667 0.035843749999999994 0.07295833333333329
0 0.369234375 0.8867083333333333 0.03582812500000001 0.08729166666666661
0 0.44768749999999996 0.8772083333333334 0.10940624999999997 0.054416666666666676
0 0.617109375 0.7186041666666667 0.05935937500000001 0.0566249999999999
0 0.61503125 0.181625 0.06907812500000006 0.0706666666666667
0 0.6240625 0.03158333333333333 0.031578125000000054 0.06316666666666666
0 0.97734375 0.25 0.0453125 0.07083333333333333
0 0.260921875 0.035979166666666666 0.04142187499999998 0.06177083333333333