0 0.080203125 0.24739583333333334 0.068875 0.07256249999999996
0 0.04740625 0.2994791666666667 0.04840625 0.04247916666666664
0 0.051390625 0.3529791666666667 0.059859375000000006 0.061499999999999964
0 0.047749999999999994 0.8540625 0.0838125 0.0821875000000001
0 0.34840625 0.6565416666666667 0.060125000000000026 0.08066666666666672
0 0.298578125 0.7855208333333333 0.026468749999999996 0.07472916666666668
0 0.33521875 0.787375 0.03375000000000004 0.11547916666666656
0 0.409859375 0.8906458333333334 0.06498437500000005 0.053499999999999895
0 0.523203125 0.9031458333333333 0.079875 0.050729166666666714
0 0.63671875 0.9677083333333333 0.0546875 0.06458333333333334
0 0.748 0.7063333333333334 0.04684375000000003 0.1293333333333334
0 0.86778125 0.8327500000000001 0.029453124999999858 0.09514583333333325
0 0.89746875 0.8466458333333333 0.036734374999999986 0.10441666666666667
0 0.9595156250000001 0.6472916666666666 0.0809687499999999 0.09918750000000003
0 0.757734375 0.38864583333333336 0.03849999999999998 0.16062500000000005
0 0.798875 0.2779583333333333 0.04787500000000007 0.0966458333333333
0 0.649234375 0.24554166666666666 0.11664062499999997 0.2059375
0 0.5320625 0.33516666666666667 0.08717187499999994 0.17866666666666664
0 0.18128125 0.15808333333333333 0.11549999999999998 0.09566666666666669
0 0.16434375 0.08741666666666667 0.11323437500000003 0.06581250000000001
0 0.0463125 0.076875 0.08729687500000001 0.05072916666666668
0 0.01171875 0.14166666666666666 0.0234375 0.05416666666666667