0 0.27821875 0.075 0.032500000000000015 0.10714583333333334
0 0.13778125000000002 0.20595833333333333 0.077515625 0.05952083333333332
0 0.024796875 0.24166666666666667 0.03903125 0.05952083333333332
0 0.069453125 0.26160416666666664 0.05692187500000001 0.08154166666666664
0 0.13240625 0.29404166666666665 0.031062499999999993 0.09285416666666665
0 0.126609375 0.3738125 0.028374999999999994 0.0857083333333333
0 0.13174999999999998 0.4666666666666667 0.04312499999999999 0.12856249999999997
0 0.01590625 0.5511874999999999 0.031796875 0.05952083333333338
0 0.172609375 0.5877916666666666 0.08646874999999998 0.08154166666666664
0 0.087546875 0.5782708333333333 0.08864062499999999 0.07202083333333344
0 0.0355 0.6785625 0.04260937499999999 0.1238124999999999
0 0.10004687500000001 0.8491041666666667 0.06364062499999998 0.07797916666666656
0 0.147609375 0.9118958333333332 0.079296875 0.09047916666666657
0 0.352796875 0.7714375 0.047734375000000016 0.11904166666666664
0 0.36240625 0.6401875 0.05354687499999997 0.1482083333333333
0 0.316859375 0.5276875 0.06959375000000004 0.054166666666666606
0 0.308375 0.48185416666666664 0.07940624999999998 0.04583333333333333
0 0.234453125 0.5095208333333333 0.034250000000000023 0.09522916666666668
0 0.260359375 0.5363125 0.03248437500000003 0.06547916666666662
0 0.336953125 0.3952291666666667 0.047265625 0.05714583333333335
0 0.39968750000000003 0.35833333333333334 0.06115624999999998 0.05477083333333337
0 0.458859375 0.48452083333333335 0.05003124999999997 0.14047916666666663
0 0.576984375 0.3705416666666667 0.08539062499999997 0.16845833333333335
0 0.6683125000000001 0.39018749999999996 0.06714062500000004 0.07679166666666669
0 0.747125 0.3654791666666667 0.04887499999999996 0.09285416666666665
0 0.8234999999999999 0.25685416666666666 0.06768749999999998 0.15772916666666667
0 0.8196875 0.33810416666666665 0.03954687499999991 0.03810416666666671
0 0.9284375 0.3136875 0.08293749999999989 0.048812500000000016
0 0.8886875 0.34435416666666663 0.08379687500000017 0.04464583333333335
0 0.860546875 0.29643749999999996 0.054312499999999986 0.05
0 0.9346875000000001 0.07916666666666666 0.04185937499999994 0.10356250000000002
0 0.87240625 0.4982083333333333 0.12710937499999986 0.0607083333333333
0 0.9658125 0.4345208333333333 0.06837499999999999 0.0881041666666667
0 0.5394687499999999 0.616375 0.04606250000000003 0.10060416666666659
0 0.70603125 0.9285625 0.04885937499999997 0.1
0 0.531421875 0.9541666666666667 0.047843750000000004 0.09166666666666666
0 0.58815625 0.9440416666666667 0.08092187499999995 0.10714583333333323
0 0.493484375 0.09047916666666667 0.10587499999999998 0.06666666666666667
0 0.518921875 0.21429166666666666 0.004968749999999922 0.004770833333333317
0 0.5515 0.7172083333333333 0.04271875000000005 0.11868750000000006