0 0.5501875 0.8008958333333334 0.06750000000000007 0.1125
0 0.6086875 0.9017916666666667 0.03271875000000009 0.08214583333333322
0 0.59921875 0.9729166666666667 0.0296875 0.05416666666666667
0 0.613171875 0.658625 0.148828125 0.1017916666666667
0 0.8451562499999999 0.9514791666666667 0.063671875 0.09227083333333326
0 0.965625 0.9677083333333333 0.06875 0.06041666666666667
0 0.289609375 0.65 0.041890625 0.09047916666666657
0 0.40192187500000004 0.7666666666666667 0.07456250000000005 0.06189583333333341
0 0.36062500000000003 0.927375 0.08568750000000006 0.07381249999999989
0 0.18065625000000002 0.6743958333333333 0.07396875000000003 0.10356250000000007
0 0.11767187500000001 0.6729166666666667 0.04623437500000001 0.08272916666666674
0 0.134421875 0.4577291666666667 0.048484375 0.09881250000000001
0 0.12459374999999999 0.36012500000000003 0.04668749999999999 0.09404166666666663
0 0.05248437500000001 0.22977083333333334 0.05870312499999999 0.12143749999999999
0 0.013218750000000001 0.11814583333333334 0.026437500000000003 0.06845833333333333
0 0.16434375 0.13570833333333335 0.08154687499999999 0.15714583333333335
0 0.24562499999999998 0.15477083333333336 0.04765625 0.05237500000000002
0 0.31953125 0.12827083333333333 0.05709375000000003 0.07679166666666666
0 0.29898437499999997 0.25804166666666667 0.051718750000000036 0.09820833333333337
0 0.44346874999999997 0.25833333333333336 0.12370312499999998 0.06904166666666664
0 0.44053125 0.32054166666666667 0.06698437500000001 0.05060416666666671
0 0.54996875 0.19227083333333334 0.10724999999999998 0.10118749999999999
0 0.42114062499999994 0.11935416666666666 0.10404687500000005 0.04702083333333335
0 0.45753125 0.0875 0.10987500000000008 0.04881250000000001
0 0.38584375 0.039875 0.06025000000000005 0.072625
0 0.620515625 0.3080416666666667 0.034062499999999926 0.07916666666666666
0 0.642625 0.33897916666666666 0.02915624999999995 0.06964583333333335
0 0.839796875 0.2720208333333333 0.10654687500000008 0.08452083333333332
0 0.8337656250000001 0.36487499999999995 0.12575000000000003 0.05595833333333336
0 0.9691562499999999 0.4383958333333334 0.06168750000000003 0.06606249999999995
0 0.278890625 0.8142916666666667 0.05617187499999998 0.13333333333333333
0 0.128171875 0.975 0.07170312499999999 0.05