0 0.0365 0.18347916666666667 0.07298437500000002 0.11141666666666665
0 0.13384374999999998 0.3140833333333333 0.08934375000000001 0.16891666666666663
0 0.276703125 0.08877083333333333 0.08689062500000003 0.09329166666666668
0 0.371484375 0.064 0.07506249999999999 0.057624999999999996
0 0.44839062500000004 0.07604166666666666 0.07954687499999995 0.0631875
0 0.620078125 0.11864583333333334 0.07221875000000004 0.09285416666666665
0 0.757734375 0.32035416666666666 0.06904687499999991 0.2045833333333333
0 0.52928125 0.7077083333333333 0.08160937500000003 0.06727083333333325
0 0.262828125 0.6780833333333334 0.11465624999999999 0.06356249999999998
0 0.44907812500000005 0.8897083333333333 0.06704687499999995 0.07016666666666656
0 0.526671875 0.9337083333333334 0.10070312500000007 0.07483333333333325
0 0.72578125 0.7355 0.044062500000000074 0.12287500000000004
0 0.8903437500000001 0.8586875 0.08151562500000012 0.07291666666666667
0 0.90059375 0.5602083333333333 0.07770312500000003 0.0546875
0 0.96446875 0.5755 0.05268750000000004 0.09452083333333335
0 0.6490625 0.3499791666666667 0.06421875000000003 0.17124999999999999
0 0.356390625 0.4125 0.055265625000000006 0.15739583333333335
0 0.0371875 0.7361875 0.074375 0.07331250000000011
0 0.180546875 0.66025 0.054265624999999984 0.06956249999999997
0 0.131765625 0.5970416666666666 0.05740625000000001 0.07739583333333329
0 0.2940625 0.2550208333333333 0.06604687499999998 0.08320833333333333
0 0.220984375 0.2927708333333333 0.09279687499999997 0.10777083333333334
0 0.20432812500000003 0.39560416666666665 0.05668750000000002 0.10966666666666663