0 0.8225312499999999 0.32566666666666666 0.14967187499999995 0.09500000000000004
0 0.695203125 0.13564583333333333 0.10535937499999992 0.08127083333333332
0 0.315390625 0.057229166666666664 0.05401562499999999 0.09614583333333335
0 0.301015625 0.3222291666666666 0.089640625 0.08814583333333334
0 0.18679687499999997 0.24554166666666669 0.09471874999999999 0.1041666666666667
0 0.11014062499999999 0.08441666666666668 0.055609375 0.15625
0 0.091453125 0.3242291666666667 0.048296874999999996 0.09787500000000003
0 0.096828125 0.418375 0.07190625000000002 0.05152083333333337
0 0.02 0.3746041666666667 0.04 0.15281250000000005
0 0.12259374999999999 0.8991458333333333 0.071921875 0.1659791666666666
0 0.515484375 0.9237708333333334 0.05929687500000007 0.11218750000000005
0 0.6891875 0.7881250000000001 0.058984375 0.12706250000000002
0 0.73234375 0.9403541666666667 0.09292187500000004 0.046937499999999945
0 0.9356406249999999 0.0726875 0.038765624999999915 0.12706250000000002
0 0.983296875 0.05122916666666666 0.03339062499999983 0.06695833333333333
0 0.201390625 0.463875 0.07928125000000001 0.05666666666666664
0 0.14750000000000002 0.3949166666666667 0.05304687499999998 0.08470833333333326
0 0.0203125 0.940625 0.040625 0.11875
0 0.354453125 0.7428958333333333 0.003375000000000039 0.002291666666666714