0 0.16634374999999998 0.7397708333333333 0.05739062499999999 0.12383333333333321
0 0.072453125 0.7744375 0.06407812500000001 0.05027083333333333
0 0.254875 0.9625416666666666 0.06778124999999999 0.07195833333333326
0 0.46489062499999995 0.8591041666666667 0.06712500000000006 0.05027083333333333
0 0.546078125 0.782625 0.06678125000000001 0.05079166666666666
0 0.497828125 0.9075208333333333 0.02982812500000005 0.08889583333333324
0 0.5371406249999999 0.9056666666666667 0.03699999999999992 0.10106249999999999
0 0.6 0.9864583333333333 0.065625 0.027083333333333334
0 0.25228125 0.48470833333333335 0.03482812500000003 0.05820833333333333
0 0.255265625 0.42175 0.04474999999999998 0.04868750000000001
0 0.29298437499999996 0.37570833333333337 0.06462500000000002 0.05185416666666664
0 0.37893750000000004 0.28231249999999997 0.105578125 0.08202083333333335
0 0.36803125000000003 0.21960416666666666 0.11151562500000005 0.06772916666666665
0 0.254484375 0.21987500000000001 0.09079687500000003 0.04181249999999999
0 0.1871875 0.26589583333333333 0.04748437500000002 0.08095833333333337
0 0.36007812499999997 0.12329166666666667 0.07975000000000003 0.06562500000000002
0 0.7223437500000001 0.4535 0.0859375 0.15452083333333336
0 0.8180156249999999 0.41935416666666664 0.056625000000000016 0.09154166666666666
0 0.8579218750000001 0.32887500000000003 0.04354687499999983 0.06931249999999996
0 0.94128125 0.505625 0.03567187499999989 0.12647916666666667
0 0.976609375 0.414875 0.04678125000000009 0.10899999999999999
0 0.9317500000000001 0.8223125 0.04835937500000007 0.11958333333333329