0 0.261953125 0.14735416666666667 0.07473437499999998 0.11324999999999999
0 0.1716875 0.18718749999999998 0.07476562500000002 0.06325000000000003
0 0.075171875 0.2309375 0.03451562500000001 0.07208333333333335
0 0.08090625 0.29160416666666666 0.028609375000000003 0.054520833333333366
0 0.024484374999999996 0.16449999999999998 0.04425 0.0826875
0 0.035421875000000005 0.06029166666666667 0.04181250000000001 0.08725000000000001
0 0.016359375000000002 0.27516666666666667 0.032718750000000005 0.07256249999999996
0 0.059203125 0.3393125 0.058125 0.10364583333333334
0 0.0376875 0.473625 0.042859375 0.09445833333333328
0 0.0283125 0.5761875 0.0449375 0.10054166666666665
0 0.088703125 0.7128125 0.124078125 0.12377083333333326
0 0.03025 0.8475833333333332 0.0605 0.08772916666666669
0 0.1015625 0.9429583333333333 0.08728125 0.056312499999999946
0 0.21265625 0.8116875 0.07335937499999998 0.06687500000000005
0 0.25240625 0.5391458333333333 0.06606250000000005 0.10052083333333334
0 0.28521874999999997 0.4384166666666667 0.08653124999999999 0.061083333333333316
0 0.364546875 0.39649999999999996 0.08893749999999997 0.09302083333333329
0 0.68065625 0.18718749999999998 0.06490624999999994 0.08177083333333333
0 0.666765625 0.32727083333333334 0.04268750000000008 0.1166041666666666
0 0.622328125 0.3270416666666666 0.031593750000000045 0.08370833333333334
0 0.739671875 0.42614583333333333 0.07184375000000003 0.059687499999999956
0 0.863265625 0.44095833333333334 0.0690312500000001 0.07081250000000001
0 0.625796875 0.6597916666666667 0.12464062499999998 0.05564583333333341
0 0.72665625 0.8600833333333333 0.12565624999999994 0.08495833333333327
0 0.8924375 0.5910208333333333 0.0440312500000001 0.14870833333333333
0 0.96471875 0.5542083333333333 0.07054687500000015 0.14452083333333335
0 0.9554375 0.9140208333333334 0.07351562499999993 0.08454166666666675