0 0.48078125 0.7574583333333333 0.14439062499999994 0.10756249999999999
0 0.14121875 0.7555 0.03770312499999999 0.11662500000000003
0 0.027515625 0.7804583333333334 0.05503125 0.10820833333333345
0 0.028125 0.221875 0.05625 0.13958333333333334
0 0.110109375 0.25885416666666666 0.05323437499999999 0.0628541666666667
0 0.174515625 0.22029166666666666 0.04112499999999999 0.05702083333333334
0 0.15362499999999998 0.36543749999999997 0.047921875000000023 0.08812500000000002
0 0.193484375 0.26014583333333335 0.04989062499999999 0.09135416666666668
0 0.32037499999999997 0.16522916666666668 0.11900000000000004 0.037583333333333316
0 0.291921875 0.2021666666666667 0.105859375 0.046645833333333366
0 0.252546875 0.10464583333333333 0.07568749999999999 0.09135416666666668
0 0.607625 0.024625 0.11318750000000008 0.04925
0 0.41467187499999997 0.28379166666666666 0.09378124999999997 0.10627083333333331
0 0.30359375 0.3511875 0.10975000000000001 0.059604166666666694
0 0.49340624999999994 0.393625 0.037437500000000054 0.0732083333333333
0 0.5152812499999999 0.43735416666666665 0.03259375000000002 0.06350000000000004
0 0.71728125 0.4736458333333333 0.13043750000000004 0.05831250000000002
0 0.9199999999999999 0.5365 0.15681249999999985 0.06739583333333338
0 0.722140625 0.376125 0.1012656250000001 0.07710416666666665
0 0.944296875 0.36414583333333334 0.0887812499999999 0.059604166666666694
0 0.9630000000000001 0.30583333333333335 0.06303124999999987 0.07256249999999996
0 0.9836406249999999 0.04114583333333333 0.03271875000000009 0.08229166666666667
0 0.9153437500000001 0.031104166666666665 0.07117187499999993 0.06220833333333333