0 0.209015625 0.058333333333333334 0.09943749999999998 0.097625
0 0.321546875 0.122625 0.09235937500000002 0.05952083333333332
0 0.407734375 0.09522916666666667 0.09510937500000001 0.052375
0 0.48515625 0.028125 0.0734375 0.05625
0 0.44167187500000005 0.18541666666666667 0.07368749999999995 0.048208333333333304
0 0.43987499999999996 0.2857083333333333 0.03439062499999999 0.12381250000000002
0 0.35950000000000004 0.27647916666666666 0.10578124999999998 0.051791666666666694
0 0.40192187500000004 0.4083333333333333 0.09242187499999996 0.08333333333333333
0 0.51425 0.36964583333333334 0.12509374999999992 0.06547916666666669
0 0.55175 0.45089583333333333 0.09296875 0.07916666666666666
0 0.53790625 0.6303541666666667 0.07420312500000001 0.06310416666666659
0 0.42446875000000006 0.7294583333333333 0.04375 0.0886875000000001
0 0.4811875 0.7333333333333333 0.04110937499999991 0.1142916666666667
0 0.569625 0.7342291666666667 0.09296875 0.0982083333333333
0 0.684609375 0.5949375 0.11314062499999995 0.1529791666666666
0 0.8342031249999999 0.5136875 0.04624999999999986 0.16310416666666666
0 0.952546875 0.2690416666666666 0.04185937499999994 0.1142916666666667
0 0.95678125 0.4678541666666666 0.03695312500000014 0.10714583333333334
0 0.97890625 0.5395833333333333 0.0421875 0.07916666666666666
0 0.9224062500000001 0.8086249999999999 0.0485468749999999 0.11606250000000008
0 0.28425 0.8508958333333333 0.06689062500000001 0.04583333333333333
0 0.21368749999999997 0.8261875 0.03648437500000001 0.15714583333333323
0 0.178859375 0.8199375 0.034671875 0.1506041666666666
0 0.16143749999999998 0.8571458333333334 0.044484375 0.1
0 0.0424375 0.9020833333333333 0.07878125 0.10060416666666659
0 0.13443750000000002 0.6613125 0.11993750000000003 0.10118750000000011
0 0.03328125 0.11041666666666666 0.06493750000000001 0.06487499999999999