0 0.14759375 0.0613125 0.04357812500000002 0.11547916666666665
0 0.252328125 0.047625 0.05212500000000002 0.09522916666666668
0 0.15362499999999998 0.30564583333333334 0.060109375 0.07439583333333329
0 0.21993749999999998 0.4282708333333333 0.04540625 0.12916666666666668
0 0.041984375 0.39137500000000003 0.06896875 0.07916666666666666
0 0.037078125 0.6133958333333334 0.0680625 0.08272916666666674
0 0.16814062500000002 0.6717291666666667 0.06681250000000001 0.08035416666666677
0 0.24495312500000002 0.7226250000000001 0.05971874999999995 0.06904166666666664
0 0.06185937500000001 0.885125 0.03279687499999999 0.12022916666666675
0 0.0955625 0.8827291666666667 0.033265624999999986 0.11547916666666656
0 0.029703125000000004 0.8205416666666667 0.03992187500000001 0.11606250000000008
0 0.39456250000000004 0.5431458333333333 0.082140625 0.08512500000000003
0 0.5289843750000001 0.877375 0.11707812499999992 0.1642916666666667
0 0.431171875 0.689875 0.06609374999999998 0.11070833333333331
0 0.490796875 0.5845208333333333 0.08265624999999996 0.07856250000000008
0 0.569390625 0.5970208333333333 0.07912499999999997 0.09166666666666666
0 0.40059374999999997 0.25445833333333334 0.08081250000000004 0.06727083333333332
0 0.46287500000000004 0.26368749999999996 0.04914062500000007 0.06785416666666665
0 0.53790625 0.20595833333333333 0.07420312500000001 0.05952083333333332
0 0.5323125 0.3202291666666667 0.03176562500000006 0.12143750000000002
0 0.534109375 0.46160416666666665 0.05320312499999993 0.1482083333333333
0 0.669640625 0.058041666666666665 0.04301562499999996 0.10297916666666668
0 0.894734375 0.08570833333333333 0.11818750000000015 0.08095833333333333
0 0.9646874999999999 0.3547708333333333 0.07062500000000008 0.16666666666666666
0 0.737078125 0.3940416666666666 0.043953124999999996 0.05477083333333337
0 0.7951406249999999 0.352375 0.07079687499999991 0.06666666666666667
0 0.8489375000000001 0.4857083333333333 0.06681249999999998 0.16666666666666666
0 0.759625 0.6407708333333333 0.04173437500000006 0.1375
0 0.746671875 0.775 0.049765625000000036 0.10237499999999997
0 0.9380312500000001 0.6092291666666667 0.03515625 0.11012500000000003
0 0.9507656250000001 0.7345208333333333 0.03829687499999999 0.11666666666666667
0 0.929328125 0.9559583333333334 0.04899999999999984 0.08333333333333333
0 0.970265625 0.9321458333333333 0.059453124999999926 0.10714583333333323
0 0.633015625 0.5017916666666667 0.023343750000000087 0.09166666666666666
0 0.70425 0.477375 0.08100000000000004 0.05477083333333337
0 0.7089218749999999 0.5238125 0.07484374999999996 0.042854166666666714
0 0.6542343749999999 0.5315416666666667 0.034531250000000034 0.07977083333333332