0 0.8333125000000001 0.08125 0.0801875 0.1375
0 0.9253125000000001 0.10595833333333333 0.0498906250000001 0.07381250000000002
0 0.815890625 0.38810416666666664 0.036421874999999916 0.1857083333333333
0 0.723671875 0.20327083333333332 0.05289062500000004 0.13154166666666664
0 0.6466406250000001 0.36666666666666664 0.046140624999999956 0.11904166666666664
0 0.65021875 0.5 0.035421874999999936 0.1
0 0.59171875 0.2738125 0.05234375 0.05237499999999997
0 0.5881406250000001 0.23452083333333332 0.04520312499999992 0.04522916666666668
0 0.647546875 0.11695833333333333 0.08364062499999995 0.08987500000000001
0 0.46690624999999997 0.3428541666666666 0.05539062500000007 0.0857083333333333
0 0.392765625 0.3467291666666667 0.06070312500000004 0.0732083333333333
0 0.42871875 0.23602083333333337 0.056703124999999945 0.13750000000000004
0 0.42357812499999997 0.09047916666666667 0.04196875000000002 0.09047916666666665
0 0.34296875 0.0449375 0.028078125000000044 0.05297916666666666
0 0.40995312500000003 0.016666666666666666 0.03440624999999997 0.03333333333333333
0 0.288046875 0.047625 0.052156249999999994 0.07618749999999999
0 0.125265625 0.22262500000000002 0.05249999999999999 0.1166666666666667
0 0.054484374999999995 0.11041666666666666 0.05825 0.06487499999999999
0 0.30234375 0.3214375 0.08075000000000002 0.05237499999999997
0 0.167703125 0.496125 0.056984375 0.07439583333333329
0 0.40415625000000005 0.5720208333333333 0.03435937500000001 0.041666666666666664
0 0.8194687500000001 0.6252916666666667 0.02570312500000007 0.03512500000000003
0 0.637046875 0.9678541666666667 0.07962500000000006 0.05952083333333344
0 0.1426875 0.9366041666666667 0.04268749999999999 0.07439583333333341
0 0.47204687500000003 0.9154791666666667 0.09871874999999992 0.05
0 0.980671875 0.214875 0.03564062499999991 0.11310416666666664