0 0.16212500000000002 0.1 0.10387499999999998 0.06189583333333335
0 0.25410937499999997 0.3645833333333333 0.09143749999999998 0.18035416666666665
0 0.07659375 0.36131250000000004 0.07121875 0.048812500000000016
0 0.02009375 0.3943541666666667 0.034109375 0.0732083333333333
0 0.012328124999999999 0.477375 0.024656249999999998 0.05477083333333337
0 0.012062499999999999 0.5261875 0.01803125 0.03333333333333333
0 0.13174999999999998 0.477375 0.060984375 0.15
0 0.029921874999999997 0.6381041666666667 0.03590625000000001 0.13810416666666658
0 0.029921874999999997 0.7761875 0.03590625000000001 0.10477083333333326
0 0.21190625000000002 0.6169583333333333 0.029328124999999993 0.11368750000000011
0 0.2210625 0.7238125 0.04317187499999999 0.11904166666666664
0 0.202296875 0.9547708333333333 0.04137500000000001 0.08095833333333337
0 0.26415625 0.9452291666666667 0.08920312500000005 0.10952083333333344
0 0.37221875 0.9184583333333334 0.05532812500000004 0.11547916666666656
0 0.7426718750000001 0.9354166666666667 0.15784375000000006 0.11964583333333323
0 0.958 0.6133958333333334 0.08399999999999999 0.08272916666666674
0 0.9613437499999999 0.5077291666666667 0.07731250000000003 0.10356249999999996
0 0.7444375 0.5473125 0.036374999999999956 0.10535416666666671
0 0.7705625 0.5943541666666667 0.030578125000000077 0.09227083333333326
0 0.663171875 0.42737499999999995 0.08812499999999997 0.09762500000000003
0 0.55421875 0.4964375 0.13806250000000003 0.06904166666666664
0 0.546171875 0.5684583333333334 0.06839062499999997 0.058333333333333334
0 0.391640625 0.5154791666666667 0.03793750000000005 0.13095833333333337
0 0.35146875 0.3964375 0.07184375000000003 0.08333333333333333
0 0.41754687500000004 0.3631041666666667 0.061171874999999966 0.0881041666666667
0 0.49615625 0.24018750000000003 0.06121874999999992 0.1434583333333333
0 0.57565625 0.30833333333333335 0.127359375 0.040479166666666684
0 0.500171875 0.3428541666666666 0.05675000000000008 0.03570833333333331
0 0.5689375 0.34612499999999996 0.06931250000000003 0.048208333333333304
0 0.87753125 0.13810416666666667 0.1204218749999999 0.06904166666666668
0 0.957015625 0.08333333333333333 0.06867187500000008 0.1595208333333333
0 0.87575 0.058625000000000003 0.08468750000000007 0.08035416666666666
0 0.80696875 0.05535416666666667 0.03640624999999993 0.11070833333333334
0 0.61046875 0.07410416666666667 0.04343749999999993 0.10654166666666667