0 0.0370625 0.7452291666666666 0.032343750000000004 0.13810416666666658
0 0.01015625 0.8416666666666667 0.0203125 0.1
0 0.07748437500000001 0.9511875 0.073 0.09762500000000003
0 0.20990625000000002 0.5830416666666667 0.08335937500000001 0.08154166666666664
0 0.12103124999999999 0.5184583333333334 0.07526562499999999 0.10118750000000004
0 0.19784375 0.26429166666666665 0.05031249999999998 0.12856250000000002
0 0.119015625 0.2797708333333333 0.039984375 0.06429166666666669
0 0.135765625 0.13333333333333333 0.07795312500000001 0.08095833333333334
0 0.016796875 0.20477083333333335 0.03357812499999999 0.0809583333333333
0 0.403484375 0.1050625 0.08215625000000001 0.06606249999999998
0 0.471140625 0.13095833333333334 0.061203124999999935 0.07618749999999999
0 0.55153125 0.08512499999999999 0.09698437500000008 0.06785416666666665
0 0.539015625 0.19375 0.03623437500000008 0.1363125
0 0.523609375 0.3333333333333333 0.045609375000000084 0.17143750000000005
0 0.36843750000000003 0.41904166666666665 0.08793749999999996 0.05714583333333335
0 0.4113125 0.5756041666666667 0.06293749999999995 0.09643749999999998
0 0.47628125 0.4699375 0.07593750000000003 0.06964583333333335
0 0.560015625 0.4857083333333333 0.08715624999999996 0.0857083333333333
0 0.540578125 0.7690416666666666 0.043828124999999926 0.1142916666666667
0 0.45618749999999997 0.7502916666666667 0.04467187500000005 0.07083333333333333
0 0.507546875 0.8318541666666667 0.06703124999999996 0.10297916666666657
0 0.743546875 0.7092291666666667 0.05245312500000008 0.11964583333333323
0 0.759625 0.5690416666666667 0.048890624999999945 0.1428541666666666
0 0.721671875 0.44314583333333335 0.07118749999999992 0.051791666666666694
0 0.7149687499999999 0.39047916666666665 0.08457812499999999 0.04762500000000003
0 0.643515625 0.4205416666666667 0.048812500000000016 0.1017916666666667
0 0.750703125 0.3035625 0.04887499999999996 0.06429166666666669
0 0.817234375 0.2708333333333333 0.06589062500000002 0.058333333333333334
0 0.7940156249999999 0.3267916666666667 0.07303124999999992 0.05118749999999998
0 0.880421875 0.4089375 0.05387500000000003 0.15356249999999996
0 0.9520937500000001 0.5595208333333334 0.04990625000000008 0.1
0 0.9536718750000001 0.6866041666666667 0.057499999999999926 0.14583333333333334
0 0.9195 0.9336249999999999 0.047203125000000054 0.10416666666666667
0 0.970265625 0.9151875 0.059453124999999926 0.10297916666666657
0 0.98125 0.2604166666666667 0.0375 0.125