0 0.5796875 0.059375 0.040625 0.11875
0 0.553984375 0.40952083333333333 0.03490625000000005 0.13333333333333333
0 0.6703125 0.5506041666666667 0.03096875000000008 0.09404166666666663
0 0.706921875 0.5791666666666667 0.032781250000000026 0.10356250000000002
0 0.408390625 0.708625 0.04731249999999996 0.08272916666666674
0 0.360609375 0.7654791666666667 0.04996875000000003 0.05952083333333344
0 0.301671875 0.7157708333333334 0.03921875000000004 0.09702083333333343
0 0.2795625 0.5904791666666667 0.06196875000000004 0.06666666666666667
0 0.14225000000000002 0.5618958333333333 0.08643749999999999 0.05714583333333329
0 0.07190625 0.44166666666666665 0.0484375 0.10237499999999997
0 0.024125 0.4360208333333333 0.033218750000000005 0.08512500000000003
0 0.100484375 0.3026875 0.06989062499999998 0.08035416666666666
0 0.036453124999999996 0.7949375 0.07289062500000001 0.07679166666666669
0 0.26973437499999997 0.8321458333333334 0.042312499999999975 0.0023749999999999718
0 0.7989375 0.3607083333333333 0.10964062499999994 0.10714583333333334
0 0.86928125 0.8830416666666667 0.20123437499999994 0.13393749999999993