0 0.785671875 0.9712916666666668 0.0909218749999999 0.05741666666666655
0 0.780640625 0.9103125 0.042671874999999915 0.0511875000000001
0 0.680125 0.8661041666666667 0.07428124999999994 0.0692291666666667
0 0.564 0.8045000000000001 0.06771875000000005 0.06641666666666665
0 0.468171875 0.7498541666666667 0.11217187499999995 0.06822916666666666
0 0.4609375 0.9677083333333333 0.05625 0.06458333333333334
0 0.305 0.71025 0.049734374999999977 0.05847916666666677
0 0.31837499999999996 0.7957083333333334 0.03132812500000002 0.09512499999999993
0 0.264390625 0.8524375000000001 0.05876562500000002 0.05579166666666661
0 0.22567187500000002 0.8945624999999999 0.10285937499999998 0.0382083333333334
0 0.24528124999999998 0.9427291666666666 0.11084374999999999 0.041958333333333306
0 0.198765625 0.8466458333333333 0.031703124999999985 0.048833333333333444
0 0.157625 0.8281041666666666 0.03621875000000001 0.030312499999999905
0 0.183328125 0.8001041666666667 0.05982812499999999 0.03445833333333326
0 0.10989062499999999 0.8211666666666667 0.06228124999999999 0.044187500000000074
0 0.0453125 0.8744375000000001 0.044234375000000006 0.08589583333333337
0 0.12846875 0.7797291666666666 0.04734375000000002 0.030729166666666665
0 0.11909375 0.6928958333333333 0.077203125 0.09320833333333335
0 0.073609375 0.6199583333333333 0.04875 0.07231250000000007
0 0.213 0.6493541666666667 0.02545312500000003 0.04316666666666672
0 0.24095312500000002 0.6660416666666666 0.025093750000000005 0.06168750000000003
0 0.24009375 0.5761875 0.024046874999999978 0.06350000000000004
0 0.258828125 0.5690208333333333 0.019875000000000042 0.08154166666666664
0 0.20831249999999998 0.5247916666666668 0.04037499999999998 0.06254166666666669
0 0.0703125 0.4761666666666667 0.038671875 0.08566666666666668
0 0.3074375 0.4270625 0.04764062500000001 0.06154166666666671
0 0.3636875 0.4678333333333333 0.04901562500000001 0.06897916666666669
0 0.21040625 0.39279166666666665 0.05843749999999999 0.06708333333333331
0 0.15259375 0.35760416666666667 0.04351562499999999 0.07077083333333327
0 0.029343750000000002 0.206625 0.05396874999999999 0.06512499999999997
0 0.21196874999999998 0.24112499999999998 0.04420312500000001 0.055416666666666656
0 0.34596875 0.253875 0.03443750000000003 0.0855208333333333
0 0.2926875 0.18000000000000002 0.06326562500000002 0.06279166666666663
0 0.08559375 0.03958333333333333 0.04187500000000001 0.07916666666666666
0 0.6521874999999999 0.019916666666666673 0.047562500000000084 0.0398125
0 0.869515625 0.22145833333333334 0.06764062499999994 0.13181250000000003
0 0.9330468749999999 0.24020833333333333 0.04887499999999996 0.07208333333333332
0 0.98034375 0.21033333333333332 0.03929687500000014 0.07252083333333334
0 0.8408749999999999 0.4335625 0.04160937500000017 0.16714583333333338
0 0.786546875 0.28931250000000003 0.047531250000000025 0.13324999999999998
0 0.722484375 0.22839583333333333 0.07565624999999994 0.08087499999999999
0 0.716234375 0.4525624999999999 0.03539062499999997 0.1773333333333333
0 0.6865625 0.3140625 0.05587499999999999 0.05777083333333337
0 0.6450625 0.31685416666666666 0.03887499999999999 0.06333333333333328
0 0.5896874999999999 0.36941666666666667 0.04965624999999996 0.08049999999999997
0 0.5318906250000001 0.3624583333333333 0.04862500000000001 0.0573333333333333
0 0.49456249999999996 0.44375 0.039953125000000075 0.09489583333333336
0 0.55740625 0.5757291666666667 0.07535937500000003 0.10887499999999999
0 0.4641875 0.34302083333333333 0.05906249999999993 0.055479166666666656
0 0.56678125 0.23304166666666667 0.045500000000000006 0.1827708333333333
0 0.5620937500000001 0.10289583333333334 0.06042187499999994 0.04283333333333334
0 0.517484375 0.14989583333333334 0.04412500000000001 0.048875000000000016
0 0.468875 0.13554166666666667 0.058015624999999994 0.047937499999999994
0 0.48207812499999997 0.26035416666666666 0.0010781250000000853 0.005874999999999986