0 0.403484375 0.4666666666666667 0.06428124999999998 0.05714583333333335
0 0.48834375 0.41904166666666665 0.07326562499999997 0.08095833333333337
0 0.742890625 0.6675625000000001 0.11809375000000007 0.08393749999999993
0 0.8239375000000001 0.8631041666666667 0.11325000000000003 0.0881041666666666
0 0.3454375 0.825 0.09104687499999997 0.05952083333333344
0 0.17528125 0.8761875 0.045374999999999985 0.06666666666666667
0 0.23156249999999998 0.9580416666666667 0.06864062500000001 0.04583333333333333
0 0.132859375 0.90625 0.04089062500000003 0.04939583333333341
0 0.0486875 0.8714375000000001 0.037703125000000004 0.15714583333333323
0 0.024125 0.8068541666666668 0.033218750000000005 0.10060416666666659
0 0.023046875 0.7202291666666666 0.04609375 0.06429166666666669
0 0.0486875 0.6166666666666667 0.055578125 0.14285416666666653
0 0.014515624999999999 0.4809583333333334 0.027421874999999995 0.1571458333333334
0 0.03996875 0.4827291666666667 0.0336875 0.10118749999999999
0 0.17081249999999998 0.5077291666666667 0.036453124999999975 0.10356249999999996
0 0.152734375 0.608625 0.05831249999999999 0.12083333333333333
0 0.029031249999999998 0.16339583333333335 0.05198437500000001 0.13512500000000002
0 0.17907812499999998 0.097625 0.04851562499999999 0.08095833333333331
0 0.12059375000000001 0.20445833333333333 0.08331249999999998 0.0625
0 0.07190625 0.2800625 0.0484375 0.08272916666666666
0 0.140453125 0.32708333333333334 0.057859375000000005 0.07439583333333329
0 0.19537500000000002 0.37737499999999996 0.04092187500000002 0.09285416666666665
0 0.179296875 0.414875 0.04448437500000002 0.0607083333333333
0 0.21659375 0.3294583333333333 0.034250000000000023 0.05060416666666671
0 0.206765625 0.26814583333333336 0.03245312499999999 0.05893750000000001
0 0.060281249999999995 0.04047916666666666 0.064109375 0.08095833333333333
0 0.300109375 0.225 0.09593749999999997 0.06904166666666664
0 0.39523437499999997 0.18720833333333334 0.07364062499999999 0.15893749999999998
0 0.791109375 0.22856249999999997 0.07168749999999999 0.0809583333333333
0 0.72903125 0.3654791666666667 0.02787500000000005 0.09285416666666665
0 0.77034375 0.35833333333333334 0.03460937499999996 0.10237499999999997
0 0.8422499999999999 0.4583333333333333 0.08020312499999989 0.06429166666666669
0 0.9561249999999999 0.4714375 0.08473437500000003 0.06666666666666667
0 0.9836562499999999 0.6050625000000001 0.03267187500000013 0.1375
0 0.130859375 0.775 0.05920312499999998 0.07856250000000008
0 0.117453125 0.8118958333333333 0.050249999999999996 0.05714583333333323
0 0.21973437499999998 0.7247083333333334 0.10301562500000001 0.1267916666666667
0 0.660484375 0.7794583333333333 0.06490624999999994 0.06964583333333323
0 0.20140625 0.17410416666666664 0.046734375000000015 0.051791666666666694
0 0.1234375 0.03125 0.0625 0.0625