0 0.8033906249999999 0.08570833333333333 0.06498437499999996 0.12856250000000002
0 0.735078125 0.4583333333333333 0.09800000000000005 0.06429166666666669
0 0.7248125 0.7693541666666667 0.12210937499999996 0.10893749999999992
0 0.620515625 0.9404791666666666 0.034062499999999926 0.1
0 0.66271875 0.9571458333333334 0.042578125 0.0857083333333333
0 0.523171875 0.8377916666666666 0.05364062500000007 0.13868749999999988
0 0.5229375 0.5122083333333334 0.039796875000000044 0.14227083333333332
0 0.567375 0.4166666666666667 0.04384374999999992 0.1
0 0.420234375 0.3779791666666667 0.10224999999999995 0.17737499999999998
0 0.30121875 0.45237499999999997 0.08296875000000004 0.1714375
0 0.12840625 0.7964375 0.06768749999999998 0.09762500000000003
0 0.11834375 0.8964375 0.034187499999999996 0.10714583333333323
0 0.07971875 0.90625 0.0328125 0.0732083333333333
0 0.03528125 0.8583333333333333 0.04662500000000001 0.054770833333333255
0 0.196953125 0.9868958333333333 0.08424999999999998 0.026187500000000103
0 0.96328125 0.7885416666666667 0.0734375 0.04791666666666667
0 0.966609375 0.8464375000000001 0.03874999999999993 0.07856250000000008
0 0.97934375 0.702375 0.02401562499999983 0.1
0 0.8924843750000001 0.8339375 0.051203124999999974 0.0892916666666667