0 0.714078125 0.13125 0.08279687500000002 0.04702083333333332
0 0.67478125 0.18631250000000002 0.09348437500000006 0.032145833333333346
0 0.497046875 0.3372083333333334 0.07729687500000004 0.1256041666666667
0 0.22418749999999998 0.13214583333333332 0.09409374999999998 0.0785625
0 0.22574999999999998 0.044041666666666666 0.048093750000000046 0.04522916666666667
0 0.26103125 0.32887500000000003 0.10975000000000001 0.06131250000000001
0 0.26818749999999997 0.5395833333333333 0.10617187499999999 0.05416666666666667
0 0.234453125 0.6261875 0.05212500000000002 0.09047916666666657
0 0.165015625 0.8309583333333334 0.03376562499999998 0.16666666666666666
0 0.34700000000000003 0.7083333333333334 0.07362500000000001 0.09285416666666677
0 0.49459375000000005 0.6660625 0.08578124999999996 0.08689583333333341
0 0.726140625 0.5017916666666667 0.04440624999999994 0.11547916666666662
0 0.8411406250000001 0.49285416666666665 0.10029687500000009 0.13333333333333333
0 0.97890625 0.5927083333333333 0.0421875 0.11875
0 0.795125 0.7261875 0.05292187499999992 0.1
0 0.696 0.6333333333333333 0.06893750000000001 0.12856250000000008
0 0.590609375 0.797625 0.07245312500000001 0.05237499999999997
0 0.743546875 0.8256041666666667 0.0703125 0.0488124999999999
0 0.7453125 0.9729166666666667 0.053125 0.05416666666666667
0 0.855421875 0.8764791666666666 0.03957812499999989 0.08512500000000003
0 0.96875 0.928125 0.0625 0.14375
0 0.58828125 0.9520833333333333 0.1171875 0.09583333333333334