0 0.498921875 0.48972916666666666 0.10882812499999997 0.07377083333333327
0 0.5325 0.5718958333333333 0.07831250000000001 0.06818750000000004
0 0.38610937500000003 0.5296666666666667 0.08393750000000004 0.07122916666666672
0 0.346796875 0.4075625 0.10148437499999999 0.05087500000000003
0 0.43 0.411375 0.029765624999999928 0.10431249999999999
0 0.383625 0.36304166666666665 0.05225 0.038166666666666654
0 0.428296875 0.32208333333333333 0.07290624999999995 0.04274999999999996
0 0.20478125 0.9196875 0.031156249999999996 0.11754166666666659
0 0.17099999999999999 0.8893958333333334 0.03149999999999999 0.08854166666666667
0 0.143125 0.9499583333333333 0.029203124999999996 0.07733333333333334
0 0.269109375 0.9631875 0.06745312500000003 0.06308333333333328
0 0.10306249999999999 0.7761875 0.07879687500000002 0.07072916666666676
0 0.17654687500000002 0.7756875 0.08457812500000002 0.05952083333333344
0 0.034375 0.24479166666666666 0.06875 0.06458333333333334
0 0.19639062499999999 0.19233333333333333 0.09375 0.1027708333333333
0 0.29659375 0.2625416666666666 0.07662500000000003 0.05597916666666665
0 0.39565625 0.23202083333333334 0.10151562499999996 0.04783333333333335
0 0.476 0.25033333333333335 0.03857812500000009 0.07225000000000001
0 0.36453125000000003 0.04604166666666667 0.04460937500000002 0.06564583333333335
0 0.27903125 0.034604166666666665 0.07204687500000002 0.04783333333333333
0 0.384390625 0.10914583333333333 0.05378124999999998 0.06970833333333334
0 0.49012500000000003 0.10837500000000001 0.05309375000000003 0.04274999999999999
0 0.4855625 0.16510416666666666 0.09203124999999997 0.08293750000000001
0 0.57278125 0.09566666666666666 0.07948437500000001 0.04274999999999999
0 0.64015625 0.10456249999999999 0.073046875 0.06564583333333333
0 0.69625 0.049104166666666664 0.036093750000000036 0.055458333333333346
0 0.7382500000000001 0.010687499999999999 0.03264062499999998 0.021374999999999998
0 0.774328125 0.03358333333333333 0.05518750000000008 0.06106249999999999
0 0.844375 0.0544375 0.07698437499999997 0.05189583333333334
0 0.47046875000000005 0.6846041666666667 0.07331249999999993 0.04529166666666669
0 0.500453125 0.7448958333333333 0.11417187500000008 0.05902083333333342
0 0.40653125 0.8354791666666667 0.048453124999999986 0.07733333333333334
0 0.45425000000000004 0.8326666666666667 0.04467187500000005 0.08699999999999998
0 0.485734375 0.9362083333333333 0.027515625000000023 0.09566666666666658
0 0.5389999999999999 0.8375 0.09206249999999994 0.08141666666666675
0 0.659828125 0.7179375 0.131453125 0.1414583333333333
0 0.880265625 0.90925 0.05715624999999989 0.09260416666666677
0 0.961 0.873125 0.0698125000000001 0.05902083333333342
0 0.9711093749999999 0.815875 0.055687500000000154 0.04324999999999998
0 0.96590625 0.6846041666666667 0.06818750000000015 0.10633333333333325
0 0.914421875 0.5970833333333334 0.052984375000000125 0.09412499999999989
0 0.7943749999999999 0.6375416666666667 0.060921875000000014 0.2004791666666667
0 0.9197656249999999 0.40502083333333333 0.048406250000000026 0.13229166666666667
0 0.9512656249999999 0.2350625 0.03125 0.05697916666666666
0 0.986890625 0.23710416666666667 0.026203124999999973 0.08141666666666664