0 0.09081249999999999 0.105 0.03453125000000001 0.11645833333333332
0 0.045671874999999994 0.347875 0.069265625 0.0791041666666666
0 0.115109375 0.39649999999999996 0.05535937500000001 0.07449999999999998
0 0.037171875 0.7581875 0.069609375 0.08489583333333334
0 0.05575 0.8762916666666667 0.040796874999999996 0.10812499999999996
0 0.22325 0.7924583333333334 0.05289062500000001 0.060854166666666744
0 0.30674999999999997 0.8274375 0.09140625 0.07985416666666675
0 0.41315625 0.88925 0.10629687499999996 0.07849999999999989
0 0.57615625 0.9724583333333333 0.060765624999999976 0.05508333333333345
0 0.41403125 0.5898541666666667 0.04901562500000001 0.0769374999999999
0 0.36628125 0.5277916666666667 0.047296874999999974 0.06391666666666668
0 0.31229687500000003 0.3617708333333333 0.04695312500000002 0.10689583333333334
0 0.269953125 0.22747916666666665 0.07335937499999998 0.060499999999999984
0 0.368015625 0.26799999999999996 0.08548437499999997 0.07210416666666669
0 0.437984375 0.26035416666666666 0.06218749999999993 0.07997916666666664
0 0.40725 0.17004166666666667 0.045890625000000004 0.07529166666666666
0 0.39684375 0.05335416666666667 0.03895312500000001 0.10114583333333332
0 0.511578125 0.18370833333333333 0.023281249999999965 0.0924375
0 0.5265 0.21983333333333333 0.020500000000000008 0.05910416666666667
0 0.577359375 0.1675 0.07707812500000007 0.03777083333333332
0 0.58846875 0.20825 0.07151562499999997 0.04520833333333331
0 0.637078125 0.33075 0.04373437500000001 0.13743750000000002
0 0.629953125 0.45879166666666665 0.03296875000000003 0.09260416666666664
0 0.605484375 0.07395833333333333 0.04304687499999993 0.05439583333333333
0 0.6723125 0.04154166666666667 0.062109375 0.04510416666666666
0 0.730109375 0.16033333333333333 0.049249999999999974 0.1299375
0 0.8150000000000001 0.29091666666666666 0.03498437500000007 0.09481249999999998
0 0.8266249999999999 0.4099375 0.03395312500000003 0.10137500000000005
0 0.80215625 0.633625 0.030140624999999942 0.07650000000000005
0 0.851796875 0.6137083333333333 0.053031250000000085 0.08295833333333344
0 0.9795624999999999 0.5963333333333334 0.030765625000000085 0.09916666666666671
0 0.855609375 0.068875 0.08150000000000013 0.12756249999999997
0 0.94240625 0.07789583333333333 0.06064062499999991 0.07616666666666667