0 0.15815625 0.5426041666666667 0.05812499999999998 0.056520833333333326
0 0.2109375 0.5954166666666667 0.05254687499999999 0.06952083333333334
0 0.300328125 0.6338541666666667 0.09592187499999998 0.06306249999999997
0 0.40014062499999997 0.6150833333333333 0.09067187499999996 0.06722916666666663
0 0.362125 0.4124791666666667 0.03895312500000001 0.06477083333333328
0 0.388859375 0.4895833333333333 0.07157812499999996 0.08475000000000002
0 0.501859375 0.47291666666666665 0.06495312500000008 0.05139583333333337
0 0.5879531250000001 0.457625 0.08435937500000001 0.048604166666666636
0 0.6629375 0.4717708333333333 0.08156250000000007 0.0722291666666667
0 0.76153125 0.3330625 0.04265624999999993 0.06797916666666666
0 0.8080624999999999 0.3921041666666667 0.052359374999999986 0.061062500000000006
0 0.8875624999999999 0.39929166666666666 0.0794062499999999 0.06152083333333339
0 0.9646250000000001 0.8017291666666666 0.053000000000000116 0.13495833333333326
0 0.381390625 0.9186666666666666 0.10873437499999997 0.06787500000000009
0 0.49768749999999995 0.89225 0.1260625000000001 0.061375000000000075
0 0.54246875 0.9712916666666668 0.0836875000000001 0.05741666666666655
0 0.337125 0.8031041666666667 0.11395312500000002 0.05437500000000005
0 0.437625 0.7137291666666666 0.08232812499999995 0.05154166666666669
0 0.38849999999999996 0.7542500000000001 0.06395312499999997 0.0446041666666666
0 0.42756249999999996 0.8019583333333333 0.04137500000000003 0.1307708333333333
0 0.047421875 0.243 0.038015625 0.09616666666666666
0 0.327234375 0.027875 0.04209375 0.05575
0 0.42964062500000005 0.07116666666666666 0.08718749999999997 0.05808333333333333
0 0.76275 0.060770833333333336 0.07632812500000004 0.11597916666666667
0 0.84453125 0.028125 0.0859375 0.05625
0 0.8290625 0.12860416666666666 0.021453125000000028 0.09887499999999999
0 0.92071875 0.024166666666666666 0.05196874999999999 0.04833333333333333
0 0.9742656249999999 0.14181249999999998 0.0514531250000001 0.1577083333333333