0 0.28090625 0.2473125 0.03785937500000003 0.12439583333333334
0 0.2210625 0.228875 0.04317187499999999 0.09939583333333335
0 0.07032812499999999 0.43035416666666665 0.0444375 0.09166666666666666
0 0.1715 0.3229166666666667 0.077984375 0.04939583333333329
0 0.3559375 0.32083333333333336 0.08078124999999999 0.11070833333333331
0 0.17059375000000002 0.48987499999999995 0.058328124999999974 0.06785416666666665
0 0.11834375 0.8044583333333333 0.052046875000000006 0.07202083333333344
0 0.157640625 0.8741041666666667 0.04134375000000001 0.10416666666666667
0 0.252984375 0.9095208333333333 0.057937499999999975 0.0857083333333333
0 0.34521875 0.8324374999999999 0.07720312499999996 0.04464583333333323
0 0.416890625 0.8449375 0.07321875000000003 0.05772916666666674
0 0.46287500000000004 0.922625 0.06699999999999999 0.06429166666666669
0 0.45707812499999995 0.7493958333333333 0.046453125000000026 0.11070833333333331
0 0.473375 0.6556458333333333 0.056734375000000094 0.060125000000000026
0 0.597984375 0.7797708333333334 0.1363125 0.06429166666666669
0 0.50865625 0.7235208333333334 0.046937499999999945 0.07679166666666669
0 0.8772968750000001 0.7845208333333333 0.07442187500000016 0.07381249999999989
0 0.8054062500000001 0.9631041666666668 0.06454687499999992 0.05
0 0.874390625 0.9854166666666667 0.05521874999999987 0.029166666666666667
0 0.9762187499999999 0.7006041666666667 0.04456249999999997 0.08452083333333343
0 0.9688437499999999 0.4452291666666667 0.05215625000000017 0.13333333333333333
0 0.6937656249999999 0.5113125000000001 0.055546874999999926 0.13452083333333337
0 0.563125 0.4982083333333333 0.05234375 0.1321458333333333
0 0.48721875 0.45089583333333333 0.07550000000000008 0.10297916666666668
0 0.60109375 0.23333333333333334 0.06218749999999993 0.06666666666666667
0 0.5624687500000001 0.3997083333333334 0.042953125000000016 0.048208333333333304
0 0.643515625 0.3642916666666667 0.06667187499999994 0.09047916666666668
0 0.7341875 0.196125 0.1319375000000001 0.06964583333333335
0 0.90096875 0.21070833333333333 0.07710937499999986 0.09285416666666665
0 0.78046875 0.04479166666666667 0.0390625 0.08958333333333333
0 0.9081250000000001 0.046125 0.09140625 0.07916666666666666