0 0.043687500000000004 0.141875 0.067703125 0.05283333333333335
0 0.11984375 0.07241666666666666 0.047562499999999994 0.050875000000000004
0 0.135078125 0.14604166666666665 0.06701562500000002 0.03668750000000001
0 0.14315625 0.19422916666666667 0.0685 0.04989583333333331
0 0.08442187500000001 0.2543958333333333 0.039093750000000003 0.043062499999999976
0 0.06589062500000001 0.28472916666666664 0.035046875000000005 0.025437499999999957
0 0.066078125 0.31799999999999995 0.046421874999999994 0.03327083333333339
0 0.065015625 0.640375 0.044484375 0.053479166666666585
0 0.01828125 0.6625 0.0365625 0.04141666666666666
0 0.0109375 0.475 0.021875 0.06666666666666667
0 0.245265625 0.5177291666666667 0.04610937499999999 0.04141666666666666
0 0.21600000000000003 0.59575 0.017734375000000035 0.05268749999999992
0 0.239984375 0.5999583333333334 0.03253124999999999 0.07318749999999999
0 0.287359375 0.6628958333333334 0.04885937499999997 0.03418749999999993
0 0.36171875 0.6679166666666667 0.037734374999999966 0.04020833333333324
0 0.3845 0.7579999999999999 0.025984374999999994 0.10777083333333337
0 0.41603124999999996 0.7602083333333333 0.02570312500000007 0.051874999999999956
0 0.43775000000000003 0.7206041666666666 0.020890625000000006 0.041020833333333444
0 0.22189062499999998 0.800625 0.08079687499999999 0.04824999999999993
0 0.28781249999999997 0.9278958333333333 0.08898437499999998 0.04141666666666666
0 0.17346875 0.8750208333333334 0.035203125 0.0442291666666667
0 0.42296875 0.9655 0.04562500000000007 0.05629166666666663
0 0.455390625 0.9226666666666666 0.02904687500000005 0.05508333333333345
0 0.65771875 0.9622708333333333 0.07179687500000007 0.041812500000000107
0 0.7903125000000001 0.9154375 0.05046875000000002 0.0486666666666667
0 0.77175 0.8331875 0.046531249999999955 0.032979166666666754
0 0.696796875 0.7829375 0.11676562500000003 0.05308333333333337
0 0.8615 0.7260208333333333 0.03603124999999992 0.047854166666666725
0 0.9505156250000001 0.9190416666666666 0.06323437500000004 0.08002083333333326
0 0.58984375 0.6224791666666667 0.03856249999999992 0.061916666666666724
0 0.63434375 0.5072708333333333 0.07026562500000004 0.04464583333333335
0 0.809015625 0.5223541666666667 0.051687499999999977 0.030562500000000034
0 0.780953125 0.5559375000000001 0.061921874999999994 0.03739583333333343
0 0.8450625 0.5038541666666666 0.03028125000000017 0.057895833333333376
0 0.8129375 0.46787500000000004 0.029359374999999945 0.062333333333333366
0 0.76753125 0.41920833333333335 0.038078125000000004 0.08564583333333337
0 0.938140625 0.5267708333333334 0.03245312499999997 0.06354166666666673
0 0.985078125 0.5738333333333333 0.029843749999999857 0.08524999999999998
0 0.643390625 0.2987708333333333 0.05217187499999998 0.04985416666666668
0 0.5094375 0.33135416666666667 0.025546875000000035 0.09087500000000001
0 0.53734375 0.2738541666666666 0.030078125 0.04825000000000002
0 0.50340625 0.5440625 0.03760937500000008 0.07399999999999997
0 0.370203125 0.30439583333333337 0.057734374999999984 0.109375
0 0.69784375 0.0685625 0.04949999999999992 0.09208333333333334
0 0.854578125 0.12183333333333332 0.06437500000000007 0.04985416666666665
0 0.88396875 0.03941666666666667 0.06682812499999997 0.0788125