0 0.37110937499999996 0.03214583333333333 0.07542187499999997 0.06429166666666666
0 0.135546875 0.13393750000000001 0.064109375 0.07022916666666669
0 0.085078125 0.16368749999999999 0.04353124999999999 0.058333333333333334
0 0.044437500000000005 0.203875 0.07834375 0.09702083333333332
0 0.03260937500000001 0.4419583333333333 0.059125000000000004 0.16845833333333335
0 0.32378125 0.3767916666666667 0.07004687499999998 0.22262500000000002
0 0.47896875000000005 0.4449375 0.11703124999999996 0.06727083333333338
0 0.60065625 0.6633958333333333 0.08807812500000001 0.15893749999999993
0 0.369546875 0.5294583333333333 0.08570312500000003 0.06964583333333328
0 0.15675 0.7389791666666666 0.057421875 0.08393749999999993
0 0.143578125 0.84375 0.044468750000000015 0.07916666666666666
0 0.22374999999999998 0.872625 0.08426562500000001 0.08333333333333333
0 0.5859062500000001 0.9428541666666667 0.06753125000000004 0.10477083333333326
0 0.74021875 0.9404791666666666 0.148453125 0.1
0 0.7069375 0.822625 0.10423437500000006 0.07856250000000008
0 0.7837500000000001 0.7776875000000001 0.061406249999999926 0.05416666666666667
0 0.9023125000000001 0.8785624999999999 0.07085937499999986 0.09522916666666674
0 0.7864218749999999 0.5669583333333333 0.06676562499999994 0.13272916666666668
0 0.8451562499999999 0.36875 0.08154687500000009 0.12916666666666668
0 0.96328125 0.421875 0.0734375 0.08125
0 0.95009375 0.2910625 0.05034375000000004 0.07977083333333335
0 0.8797656249999999 0.24166666666666667 0.10165624999999992 0.05952083333333332
0 0.874859375 0.049708333333333334 0.11862500000000012 0.0625