0 0.829296875 0.14464583333333333 0.11681249999999999 0.04404166666666665
0 0.8538593750000001 0.18958333333333333 0.10343750000000007 0.04464583333333335
0 0.848046875 0.47291666666666665 0.0471562500000001 0.06368749999999998
0 0.8009375000000001 0.5038750000000001 0.03775000000000004 0.05416666666666667
0 0.755171875 0.5321458333333333 0.093546875 0.09285416666666671
0 0.7120625 0.6523749999999999 0.06537500000000004 0.07143749999999992
0 0.753828125 0.802375 0.0640625 0.15714583333333346
0 0.39946875 0.6583333333333333 0.06517187499999996 0.13095833333333337
0 0.38629687499999993 0.8151875000000001 0.07007812499999999 0.09345833333333337
0 0.301453125 0.7386874999999999 0.07895312499999996 0.0892916666666667
0 0.20856249999999998 0.6857083333333333 0.07175000000000002 0.09047916666666657
0 0.361734375 0.4889791666666667 0.08346874999999998 0.08393750000000004
0 0.20164062500000002 0.4877916666666666 0.071296875 0.08154166666666664
0 0.039531250000000004 0.653875 0.04171874999999999 0.11606250000000008
0 0.23803125 0.9541666666666667 0.09498437500000001 0.09166666666666666
0 0.189578125 0.14583333333333334 0.038249999999999985 0.07022916666666669
0 0.1525 0.06695833333333333 0.026609375 0.061312500000000006
0 0.120796875 0.0910625 0.04356249999999999 0.07977083333333335
0 0.257 0.03720833333333333 0.03918749999999997 0.04939583333333333
0 0.77928125 0.0800625 0.03460937499999996 0.06368750000000001
0 0.6640625 0.01875 0.05625 0.0375
0 0.719203125 0.0473125 0.026078125000000084 0.08154166666666667
0 0.583234375 0.12679166666666666 0.026437499999999937 0.07977083333333332