0 0.076375 0.24077083333333332 0.11096874999999999 0.20416666666666666
0 0.176625 0.3854166666666667 0.039124999999999986 0.1625
0 0.21570312500000002 0.2785625 0.05031249999999998 0.0857083333333333
0 0.168578125 0.7107083333333333 0.040921874999999996 0.1357083333333333
0 0.2826875 0.8223125 0.023562499999999976 0.08393749999999993
0 0.319078125 0.8511875 0.029390625000000004 0.0881041666666666
0 0.38987499999999997 0.6455416666666667 0.09509374999999998 0.0756041666666666
0 0.40259375000000003 0.3199375 0.08035937499999997 0.07916666666666666
0 0.5801093749999999 0.5029791666666666 0.029124999999999977 0.09404166666666663
0 0.6544531250000001 0.5797708333333333 0.030515624999999956 0.09285416666666677
0 0.7064843749999999 0.635125 0.04081250000000001 0.07262500000000002
0 0.742 0.034229166666666665 0.11631250000000008 0.05535416666666667
0 0.863234375 0.666375 0.05967187500000008 0.08154166666666664
0 0.7522656249999999 0.9764791666666667 0.09220312499999998 0.047020833333333435
0 0.573859375 0.6973125 0.05234375 0.07202083333333344
0 0.6453125 0.6684583333333334 0.07025000000000006 0.04404166666666664
0 0.654015625 0.7184583333333333 0.05640625000000003 0.0488124999999999