0 0.161453125 0.1760625 0.054296875 0.059541666666666694
0 0.21423437500000003 0.22885416666666666 0.048734374999999996 0.07254166666666666
0 0.301890625 0.2624375 0.09556250000000004 0.06097916666666666
0 0.4329375 0.335375 0.08337500000000002 0.044812499999999984
0 0.339375 0.4361041666666667 0.11500000000000003 0.04718749999999995
0 0.383125 0.55675 0.105265625 0.06162500000000003
0 0.502546875 0.52525 0.13578124999999996 0.07643750000000006
0 0.540046875 0.6109166666666667 0.09965624999999996 0.0681458333333334
0 0.479984375 0.7327291666666667 0.06981249999999992 0.061729166666666654
0 0.534140625 0.7968541666666666 0.06703124999999996 0.07427083333333329
0 0.42321875000000003 0.9003541666666667 0.03615624999999998 0.0636875000000001
0 0.46765625 0.8931875 0.027812499999999928 0.10027083333333332
0 0.088890625 0.8308958333333333 0.11056250000000004 0.10995833333333328
0 0.83809375 0.6852708333333334 0.053390625000000115 0.19368750000000007
0 0.966015625 0.6329375 0.028000000000000115 0.13531250000000009
0 0.9634218750000001 0.43727083333333333 0.047093750000000156 0.1560208333333333
0 0.66953125 0.10752083333333333 0.08781250000000007 0.052083333333333336
0 0.7245625 0.04154166666666667 0.04162499999999998 0.07289583333333334
0 0.8057968750000001 0.026479166666666668 0.06520312500000003 0.047416666666666676
0 0.888078125 0.03620833333333333 0.08392187500000006 0.057604166666666665
0 0.593328125 0.09039583333333333 0.08471875000000004 0.04560416666666667
0 0.5044531250000001 0.10520833333333333 0.07362500000000001 0.0381875
0 0.47859375000000004 0.155 0.09481249999999992 0.08685416666666666
0 0.390234375 0.11795833333333333 0.06046875000000003 0.06831250000000001
0 0.362984375 0.03897916666666667 0.05110937499999997 0.06316666666666668