0 0.05846875 0.02325 0.057937499999999996 0.035250000000000004
0 0.04634375 0.12004166666666666 0.033671875000000004 0.06697916666666665
0 0.085125 0.22456250000000003 0.03207812500000001 0.05789583333333332
0 0.065328125 0.3157083333333333 0.07165625 0.03612499999999995
0 0.050296875 0.46950000000000003 0.03631249999999999 0.06931249999999996
0 0.133265625 0.5889583333333334 0.03075000000000001 0.030312499999999905
0 0.185640625 0.5451458333333333 0.027296874999999998 0.03064583333333335
0 0.216109375 0.5965416666666666 0.02754687499999999 0.04897916666666665
0 0.136171875 0.6806458333333333 0.031265624999999984 0.02720833333333322
0 0.21795312500000003 0.4101875 0.025968750000000006 0.08087499999999999
0 0.155296875 0.23635416666666667 0.02467187499999999 0.08499999999999996
0 0.30065624999999996 0.147125 0.046250000000000034 0.0296875
0 0.2151875 0.04437500000000001 0.023062499999999986 0.0775
0 0.157546875 0.151875 0.015968749999999997 0.042708333333333334
0 0.344984375 0.4906041666666667 0.02935937500000003 0.027083333333333334
0 0.4466875 0.5553541666666667 0.05596875000000008 0.02993750000000001
0 0.44510937500000003 0.6591875 0.021140624999999958 0.04760416666666671
0 0.44932812499999997 0.7137291666666666 0.019031249999999923 0.03708333333333324
0 0.365421875 0.6422916666666667 0.030671874999999994 0.041958333333333306
0 0.29314062500000004 0.6364791666666666 0.033859375000000025 0.033854166666666664
0 0.43890624999999994 0.94125 0.027218749999999937 0.038270833333333344
0 0.503140625 0.958125 0.03168749999999996 0.029833333333333437
0 0.17265625 0.98125 0.0671875 0.0375
0 0.138546875 0.9461666666666667 0.03075000000000001 0.034062500000000044
0 0.09225 0.8671666666666666 0.041046875 0.0484375
0 0.06321875 0.9663958333333333 0.025234374999999986 0.035833333333333425
0 0.52859375 0.6839791666666667 0.027187499999999965 0.05147916666666674
0 0.75284375 0.7510208333333334 0.074609375 0.0553958333333334
0 0.8511093750000001 0.6116666666666667 0.046875 0.044062499999999956
0 0.920109375 0.6305 0.0397343750000001 0.02893749999999997
0 0.7924218749999999 0.4140625 0.048203124999999944 0.03935416666666664
0 0.7105 0.542875 0.04532812499999998 0.04366666666666668
0 0.534 0.5335416666666667 0.04592187499999998 0.056666666666666705
0 0.475703125 0.3545833333333333 0.02957812499999992 0.054104166666666724
0 0.634390625 0.13974999999999999 0.04351562500000004 0.06418750000000001
0 0.534921875 0.14079166666666668 0.07151562499999997 0.04516666666666668
0 0.47953124999999996 0.05633333333333333 0.045140624999999976 0.031041666666666672
0 0.800203125 0.14431249999999998 0.06640625 0.03814583333333334
0 0.8125937499999999 0.32097916666666665 0.022609375000000043 0.039645833333333276
0 0.8478125000000001 0.5729583333333333 0.04292187500000004 0.036999999999999984
0 0.9085000000000001 0.9044583333333333 0.05871874999999989 0.05268749999999992
0 0.220453125 0.7079166666666666 0.05471875 0.05712499999999991
0 0.056625 0.7373125 0.027875000000000004 0.049062499999999905
0 0.017328125 0.5756041666666667 0.02840625 0.0457916666666667
0 0.60734375 0.5279166666666667 0.023734375000000085 0.04541666666666669