0 0.096875 0.32058333333333333 0.077203125 0.20041666666666663
0 0.054859375 0.7406041666666667 0.03903125 0.12379166666666658
0 0.2301875 0.8616875 0.07717187499999997 0.07431249999999992
0 0.328609375 0.8966666666666666 0.08304687499999996 0.07481249999999993
0 0.406734375 0.8998958333333333 0.06567187499999996 0.09054166666666674
0 0.37287499999999996 0.7031041666666666 0.05006250000000003 0.2617708333333333
0 0.24390625 0.5687708333333333 0.06640625 0.0486666666666667
0 0.302234375 0.5706249999999999 0.04417187499999997 0.07089583333333328
0 0.375484375 0.5280208333333333 0.07262500000000002 0.059749999999999956
0 0.514875 0.38077083333333334 0.04932812500000008 0.1170833333333333
0 0.7014843749999999 0.27541666666666664 0.06490624999999994 0.10545833333333335
0 0.6403749999999999 0.6785416666666666 0.06770312500000006 0.05522916666666665
0 0.566078125 0.7051666666666667 0.071875 0.05754166666666668
0 0.553578125 0.7973125 0.08854687499999994 0.04741666666666665
0 0.553234375 0.8396875 0.08090624999999996 0.04420833333333339
0 0.47564062500000004 0.8172291666666667 0.03337500000000002 0.07800000000000011
0 0.495609375 0.837375 0.035093750000000055 0.06735416666666676
0 0.59178125 0.9446041666666667 0.03993749999999992 0.10122916666666673
0 0.69628125 0.7945625 0.061437500000000075 0.1530000000000001
0 0.7815156249999999 0.928625 0.040921874999999996 0.1109375
0 0.8153593750000001 0.6688333333333334 0.09265624999999993 0.15616666666666673
0 0.9111874999999999 0.7079375 0.06762499999999996 0.08162499999999989
0 0.9786093749999999 0.6755416666666666 0.04278125000000017 0.11310416666666659