0 0.208828125 0.08483333333333333 0.14210937499999998 0.07152083333333333
0 0.30274999999999996 0.27425 0.11812500000000004 0.07070833333333333
0 0.530671875 0.33560416666666665 0.07050000000000001 0.09622916666666666
0 0.596296875 0.26683333333333337 0.055906249999999956 0.07441666666666663
0 0.91621875 0.3495 0.11589062500000011 0.05731249999999998
0 0.949015625 0.40947916666666667 0.08081250000000004 0.04487500000000004
0 0.945625 0.4613333333333333 0.10874999999999986 0.056020833333333304
0 0.7577187499999999 0.5569791666666667 0.12182812499999995 0.05745833333333336
0 0.9195156250000001 0.6315208333333333 0.07040624999999992 0.04916666666666671
0 0.8903437500000001 0.7074791666666667 0.053750000000000145 0.10850000000000008
0 0.8179531250000001 0.5935625000000001 0.09299999999999997 0.06581250000000007
0 0.9450312500000001 0.7600416666666666 0.04157812499999984 0.08860416666666661
0 0.98359375 0.8833333333333333 0.0328125 0.14166666666666666
0 0.912046875 0.9515416666666667 0.12143750000000005 0.06881249999999994
0 0.831328125 0.8536041666666667 0.032937499999999884 0.10904166666666673
0 0.54334375 0.7656041666666666 0.09237500000000001 0.06268750000000006
0 0.16753125 0.7605208333333333 0.05254687499999999 0.09879166666666658
0 0.638296875 0.8957291666666667 0.03574999999999999 0.0914791666666666