0 0.8302968749999999 0.0663125 0.037796875000000084 0.09004166666666666
0 0.778046875 0.06931250000000001 0.031203125000000043 0.05439583333333333
0 0.73203125 0.028125 0.0484375 0.05625
0 0.61521875 0.034354166666666665 0.03471875000000004 0.06870833333333333
0 0.558453125 0.057520833333333334 0.07050000000000001 0.06316666666666666
0 0.644890625 0.32658333333333334 0.08367187499999992 0.07352083333333338
0 0.63221875 0.3893333333333333 0.10345312500000006 0.05549999999999997
0 0.8030312500000001 0.4344791666666667 0.18118750000000006 0.05785416666666663
0 0.864484375 0.6780625 0.0471562500000001 0.045020833333333364
0 0.8514687500000001 0.7271666666666667 0.12875000000000006 0.06914583333333321
0 0.9375625 0.8193333333333332 0.06484375 0.11458333333333333
0 0.714671875 0.8829999999999999 0.09128124999999994 0.09841666666666668
0 0.6388125 0.828125 0.04026562499999997 0.06735416666666676
0 0.565390625 0.9689791666666667 0.05660937500000003 0.06204166666666661
0 0.45532812500000003 0.8304375 0.051765624999999996 0.13681249999999992
0 0.46678125000000004 0.6051458333333334 0.10940624999999997 0.09824999999999993
0 0.269765625 0.8151458333333333 0.07299999999999995 0.07845833333333327
0 0.05078125 0.9697916666666667 0.0859375 0.06041666666666667
0 0.09131249999999999 0.6326875 0.035546875 0.0838958333333333
0 0.127765625 0.617875 0.045953125 0.07277083333333323
0 0.21890625 0.60375 0.030312499999999964 0.06766666666666671
0 0.48640625000000004 0.3638541666666667 0.04795312500000008 0.08791666666666664
0 0.41281249999999997 0.2541041666666667 0.053515625 0.09987499999999999
0 0.3315625 0.3025 0.08548437499999997 0.043875000000000004
0 0.332609375 0.35275 0.03895312500000001 0.047145833333333324
0 0.098609375 0.432875 0.057078125 0.17964583333333337
0 0.037671875 0.287 0.056734375000000004 0.11935416666666668
0 0.125171875 0.2124375 0.06504687499999999 0.1461666666666667
0 0.18696875 0.23672916666666666 0.04974999999999998 0.07902083333333335
0 0.23939062500000002 0.2121875 0.050437500000000045 0.07622916666666667
0 0.33346875 0.191125 0.10665624999999998 0.06649999999999998
0 0.295453125 0.1211875 0.04104687499999997 0.06552083333333332
0 0.373578125 0.02222916666666667 0.04576562500000003 0.0444375
0 0.506375 0.012958333333333332 0.03364062499999996 0.025916666666666664
0 0.545953125 0.009499999999999998 0.07948437500000001 0.018979166666666665
0 0.809796875 0.28212499999999996 0.07320312499999995 0.0401666666666667
0 0.788796875 0.32356250000000003 0.07634375000000002 0.03508333333333328