0 0.04340625 0.4272916666666667 0.07860937500000001 0.057375000000000044
0 0.13628125 0.476875 0.03171875000000002 0.14725000000000002
0 0.173421875 0.4815 0.029625000000000012 0.11947916666666672
0 0.17325 0.6208958333333333 0.04664062499999999 0.14827083333333324
0 0.10659375 0.586375 0.052203124999999996 0.08387499999999998
0 0.0170625 0.7593541666666667 0.034109375 0.10112499999999992
0 0.123609375 0.7466041666666666 0.120953125 0.07470833333333336
0 0.084890625 0.8160833333333334 0.095609375 0.07291666666666667
0 0.14375 0.812375 0.022343750000000016 0.10993749999999997
0 0.1685625 0.8793124999999999 0.025453124999999986 0.16510416666666666
0 0.1265625 0.9527708333333333 0.026171875 0.09443750000000009
0 0.02053125 0.9759166666666667 0.0410625 0.04814583333333336
0 0.363859375 0.9712916666666668 0.07367187499999997 0.05741666666666655
0 0.264734375 0.9272291666666667 0.052515625000000024 0.06185416666666678
0 0.21353125 0.8952708333333333 0.04384375 0.06277083333333332
0 0.2480625 0.8234999999999999 0.046968750000000004 0.09512499999999993
0 0.26890625 0.7850625 0.060843749999999995 0.10160416666666663
0 0.301359375 0.8873958333333333 0.05979687499999997 0.05627083333333331
0 0.353265625 0.7445416666666667 0.12540625000000002 0.1270416666666667
0 0.48084375 0.8415416666666666 0.07850000000000001 0.06643749999999997
0 0.287296875 0.6039791666666667 0.04903124999999999 0.11908333333333326
0 0.308296875 0.5104375 0.07368749999999995 0.08012500000000002
0 0.151546875 0.13602083333333334 0.0928125 0.15816666666666665
0 0.192515625 0.26660416666666664 0.06085937500000003 0.0971041666666667
0 0.26090625 0.21683333333333332 0.09348437499999998 0.08549999999999998
0 0.273765625 0.3156875 0.07056250000000004 0.06564583333333332
0 0.334171875 0.37452083333333336 0.06639062500000001 0.09995833333333337
0 0.31124999999999997 0.41202083333333334 0.04834375 0.07312500000000005
0 0.34215625 0.253875 0.03375000000000004 0.04847916666666669
0 0.3511875 0.319625 0.03790624999999999 0.05037500000000002
0 0.314734375 0.090625 0.05528124999999999 0.07847916666666667
0 0.450125 0.20825 0.08996875000000007 0.07299999999999998
0 0.5318906250000001 0.16983333333333334 0.06251562499999999 0.13502083333333334
0 0.5515 0.46018749999999997 0.07050000000000001 0.07685416666666664
0 0.627875 0.4157291666666667 0.08435937500000001 0.09906250000000003
0 0.8988437499999999 0.6864166666666667 0.13671875 0.09874999999999995
0 0.958046875 0.8714166666666666 0.07109375 0.08452083333333343
0 0.9351406250000001 0.35368750000000004 0.041921874999999886 0.12310416666666661
0 0.8931250000000001 0.354375 0.0315312500000001 0.09206249999999999
0 0.9436406249999999 0.222375 0.06381249999999987 0.07810416666666668