0 0.490046875 0.7484791666666666 0.05523437500000004 0.09322916666666667
0 0.37306249999999996 0.10985416666666664 0.0781875 0.08449999999999999
0 0.153828125 0.28375 0.052906249999999974 0.06656249999999998
0 0.24095312500000002 0.2698541666666667 0.09523437499999998 0.09433333333333337
0 0.088546875 0.3770625 0.07515625 0.07262500000000002
0 0.163546875 0.41039583333333335 0.07234374999999997 0.0837708333333333
0 0.04376562500000001 0.3238125 0.048093750000000005 0.10502083333333327
0 0.36559375 0.5083541666666667 0.05978124999999999 0.062062499999999986
0 0.4175 0.4622708333333333 0.04206249999999998 0.05787499999999994
0 0.46020312499999994 0.5030208333333334 0.051078125000000085 0.06529166666666668
0 0.49265625 0.3221875 0.06390624999999997 0.13418750000000002
0 0.616421875 0.2816666666666666 0.030203125000000063 0.08554166666666667
0 0.567125 0.5379791666666667 0.12048437500000002 0.04727083333333339
0 0.385546875 0.8399375 0.07887500000000003 0.0863333333333332
0 0.476 0.887625 0.034062499999999926 0.07987500000000007
0 0.67509375 0.6794583333333333 0.04684375000000003 0.10337500000000001
0 0.0953125 0.9003541666666667 0.109515625 0.09145833333333328
0 0.2029375 0.9828749999999999 0.07476562500000002 0.034250000000000114
0 0.338171875 0.9631041666666668 0.057015625000000014 0.0734375
0 0.40326562499999996 0.9348541666666667 0.051796874999999964 0.06325000000000003
0 0.633953125 0.966125 0.06524999999999999 0.056312499999999946
0 0.72109375 0.978125 0.0546875 0.04375
0 0.8542343750000001 0.9450416666666667 0.05789062499999993 0.04658333333333336
0 0.9174218749999999 0.7285625 0.04537499999999994 0.10895833333333324
0 0.82090625 0.47568750000000004 0.07457812500000002 0.0662083333333334
0 0.96471875 0.591 0.07054687500000015 0.08387499999999998
0 0.820734375 0.20477083333333335 0.07770312500000003 0.0891875
0 0.9120312500000001 0.22908333333333336 0.0450312499999999 0.07762500000000001
0 0.9469218749999999 0.29322916666666665 0.06967187499999987 0.09016666666666664
0 0.8268125 0.08204166666666667 0.05443749999999996 0.07893750000000001
0 0.7905312500000001 0.14364583333333333 0.05201562500000003 0.05952083333333332
0 0.8861718749999999 0.1195625 0.05232812500000002 0.06691666666666668
0 0.8578749999999999 0.16889583333333333 0.047828124999999846 0.06833333333333336
0 0.9445 0.0584375 0.05787499999999994 0.07427083333333333
0 0.9043906249999999 0.3967291666666667 0.032546874999999885 0.07958333333333331
0 0.9743437500000001 0.39558333333333334 0.048140624999999916 0.08189583333333333
0 0.9829531250000001 0.45716666666666667 0.0340937499999999 0.10322916666666669
0 0.580671875 0.23929166666666662 0.028125 0.06560416666666666
0 0.61903125 0.20245833333333335 0.031937500000000084 0.07993750000000001