0 0.866578125 0.0875 0.07084374999999987 0.12022916666666668
0 0.83309375 0.2738125 0.06634375000000006 0.12381250000000002
0 0.761859375 0.3455416666666667 0.08015625000000001 0.07083333333333333
0 0.613796875 0.0848125 0.11331249999999997 0.164875
0 0.43296875 0.13779166666666667 0.08753124999999998 0.07202083333333333
0 0.35971875 0.05714583333333333 0.06604687499999998 0.09522916666666666
0 0.21971875000000002 0.15179166666666666 0.09231249999999998 0.11070833333333335
0 0.33003125 0.210125 0.04682812499999996 0.07977083333333332
0 0.415125 0.30089583333333336 0.19468750000000004 0.06487499999999997
0 0.260578125 0.26964583333333336 0.06418749999999998 0.05595833333333336
0 0.06721875 0.31785416666666666 0.114984375 0.09285416666666665
0 0.16301562499999997 0.41041666666666665 0.10565624999999998 0.06964583333333335
0 0.27018749999999997 0.4026875 0.05214062500000001 0.11368749999999998
0 0.396140625 0.40208333333333335 0.16118750000000004 0.05297916666666668
0 0.37603125 0.4699375 0.11204687499999996 0.06964583333333335
0 0.281796875 0.5631041666666667 0.057515625 0.10714583333333329
0 0.22576562500000003 0.6589375000000001 0.11954687499999998 0.07262500000000002
0 0.22173437499999998 0.7669583333333333 0.04898437500000001 0.08035416666666677
0 0.311046875 0.9404791666666666 0.06690624999999999 0.1
0 0.49012500000000003 0.6556458333333333 0.058984375 0.13154166666666664
0 0.654921875 0.6083333333333333 0.11178124999999994 0.07856250000000008
0 0.614265625 0.775 0.03942187500000003 0.10237499999999997
0 0.5658125 0.8526875 0.05412499999999998 0.08512500000000003
0 0.660265625 0.7931458333333333 0.040328124999999916 0.10416666666666667
0 0.6971093749999999 0.8368958333333333 0.048843749999999984 0.08333333333333333
0 0.6564687499999999 0.9092291666666666 0.04792187499999993 0.09106250000000007
0 0.8936093749999999 0.7520833333333333 0.06684374999999995 0.15772916666666675
0 0.9515625 0.9489583333333333 0.075 0.10208333333333333
0 0.9847812499999999 0.7723125 0.030437500000000027 0.1267916666666667
0 0.90253125 0.496125 0.06684374999999995 0.07439583333333329
0 0.9691562499999999 0.46458333333333335 0.06168750000000003 0.09464583333333335