0 0.07368749999999999 0.14297916666666666 0.059625 0.12618749999999998
0 0.332703125 0.177375 0.05218749999999996 0.10714583333333334
0 0.26215625 0.3985208333333333 0.07178124999999999 0.07916666666666666
0 0.17015625 0.6610208333333334 0.04849999999999999 0.04464583333333323
0 0.22731249999999997 0.7318541666666667 0.03782812499999997 0.10297916666666657
0 0.145578125 0.8110208333333334 0.026156250000000013 0.08272916666666674
0 0.121921875 0.8889791666666667 0.05918749999999999 0.08393749999999993
0 0.03975 0.71875 0.037703125000000004 0.12439583333333341
0 0.186453125 0.8315416666666666 0.023062499999999986 0.09404166666666663
0 0.220390625 0.8377916666666666 0.037375000000000026 0.07679166666666669
0 0.19426562499999997 0.9175625000000001 0.043156249999999986 0.06964583333333323
0 0.395671875 0.7574375 0.06204687499999997 0.11845833333333336
0 0.48721875 0.7696458333333334 0.03978125000000006 0.0892916666666667
0 0.454171875 0.9395833333333333 0.04510937500000001 0.1017916666666667
0 0.505078125 0.9770833333333333 0.039796875000000044 0.04583333333333333
0 0.60625 0.9541666666666667 0.0375 0.09166666666666666
0 0.38384374999999993 0.5360208333333334 0.06070312499999999 0.08035416666666671
0 0.45506250000000004 0.48512500000000003 0.08262499999999999 0.09166666666666666
0 0.530546875 0.4514791666666667 0.08178125000000006 0.07797916666666668
0 0.63190625 0.17202083333333332 0.07917187499999993 0.15595833333333337
0 0.672984375 0.042562499999999996 0.036328125 0.08154166666666667
0 0.72903125 0.03779166666666667 0.04573437499999997 0.07202083333333333
0 0.7810625 0.12083333333333333 0.03818750000000008 0.07737499999999999
0 0.8205937499999999 0.1910625 0.059203125000000065 0.05118749999999998
0 0.9032031249999999 0.23512500000000003 0.07265625 0.06785416666666669
0 0.738875 0.23125 0.10112500000000005 0.06606250000000001
0 0.67790625 0.29762500000000003 0.03721875000000008 0.10952083333333332
0 0.747125 0.33660416666666665 0.05959374999999998 0.07439583333333329
0 0.8210312500000001 0.3139791666666667 0.03329687499999991 0.10060416666666668
0 0.8096406249999999 0.3857083333333333 0.056062500000000084 0.09522916666666663
0 0.7906718749999999 0.44227083333333334 0.06185937499999996 0.10118749999999999
0 0.77615625 0.5827291666666666 0.03728125000000002 0.19166666666666668
0 0.655125 0.5053541666666667 0.03631250000000001 0.08452083333333338
0 0.6504375 0.6395833333333333 0.04926562499999996 0.14464583333333347
0 0.623421875 0.48660416666666667 0.05326562500000005 0.13631249999999995
0 0.589703125 0.6008958333333333 0.052796874999999945 0.07916666666666666
0 0.608703125 0.7526875000000001 0.12203125000000004 0.061312499999999895
0 0.57296875 0.8208333333333333 0.06842187499999994 0.0488124999999999
0 0.631234375 0.8086249999999999 0.03407812499999992 0.1017916666666667
0 0.6524375 0.891375 0.045250000000000054 0.16012500000000002
0 0.72121875 0.8330416666666667 0.04350000000000005 0.06727083333333325
0 0.747578125 0.7940416666666666 0.0515625 0.07856250000000008
0 0.69821875 0.8934583333333334 0.028749999999999963 0.0511875000000001
0 0.7444375 0.9318541666666668 0.05423437500000006 0.05060416666666659
0 0.79178125 0.8860208333333334 0.05962500000000004 0.06606250000000008
0 0.8471562499999999 0.9741041666666667 0.08109375000000014 0.051791666666666694
0 0.9436249999999999 0.8452291666666666 0.07759375000000013 0.06189583333333341
0 0.8393593750000001 0.733625 0.13245312499999998 0.11845833333333336
0 0.9758437499999999 0.5949375 0.04829687500000013 0.09106250000000007