0 0.922296875 0.8670208333333334 0.04818749999999987 0.12664583333333326
0 0.647328125 0.5819791666666667 0.07603124999999995 0.07043749999999989
0 0.570421875 0.5562708333333333 0.07709375000000004 0.05143750000000005
0 0.498203125 0.5771041666666666 0.07154687499999994 0.028291666666666753
0 0.48814062500000005 0.630375 0.11390624999999996 0.07000000000000005
0 0.47043749999999995 0.7142083333333333 0.04378124999999997 0.08024999999999996
0 0.398046875 0.7086458333333333 0.09692187499999996 0.05060416666666659
0 0.301703125 0.7178958333333333 0.08132812500000001 0.05060416666666659
0 0.42895312499999994 0.7901458333333333 0.06843749999999997 0.046958333333333255
0 0.34354687500000003 0.8769791666666666 0.10596874999999999 0.05858333333333334
0 0.423921875 0.8837083333333333 0.047968750000000025 0.10443749999999999
0 0.403609375 0.97075 0.05248437500000005 0.056333333333333256
0 0.49439062500000003 0.9620416666666666 0.11251562499999998 0.07591666666666678
0 0.228453125 0.6887291666666666 0.052874999999999964 0.057083333333333285
0 0.17515624999999999 0.6419583333333333 0.05392187499999999 0.06537499999999999
0 0.032125 0.7204375 0.059515625 0.06033333333333341
0 0.391796875 0.5921666666666667 0.07053124999999998 0.0834166666666666
0 0.36124999999999996 0.5162291666666667 0.05110937499999997 0.06854166666666668
0 0.9557968750000001 0.708875 0.042281249999999916 0.04643749999999992
0 0.98034375 0.7028541666666667 0.03929687500000014 0.11774999999999997
0 0.8466093750000001 0.5266458333333334 0.09125000000000014 0.08477083333333332
0 0.774046875 0.5037083333333333 0.05029687500000009 0.07131249999999997
0 0.725265625 0.44929166666666664 0.03954687499999991 0.06897916666666669
0 0.7006249999999999 0.489125 0.03885937500000001 0.09308333333333335
0 0.711203125 0.39279166666666665 0.07045312500000005 0.06708333333333331
0 0.9389531249999999 0.26777083333333335 0.053734375000000154 0.13183333333333336
0 0.7910625 0.2622083333333333 0.03571874999999993 0.08366666666666665
0 0.828546875 0.19991666666666666 0.05792187499999999 0.0563125
0 0.8847968749999999 0.13485416666666666 0.042640624999999946 0.07895833333333334
0 0.812921875 0.15962500000000002 0.08640624999999993 0.07758333333333335
0 0.73325 0.18604166666666666 0.07635937500000001 0.13966666666666666
0 0.6265625 0.06145833333333333 0.084375 0.12291666666666666
0 0.50428125 0.04454166666666667 0.07328124999999996 0.07427083333333333
0 0.336765625 0.13393750000000001 0.061171874999999966 0.07710416666666665
0 0.42096875 0.19760416666666666 0.08718749999999997 0.07947916666666668
0 0.21978124999999998 0.11495833333333333 0.056343750000000005 0.15954166666666666
0 0.1335 0.08902083333333333 0.09837500000000002 0.17804166666666665
0 0.03371875 0.46527083333333336 0.0674375 0.0777708333333333
0 0.074484375 0.36316666666666664 0.047015625000000005 0.08189583333333333