0 0.657359375 0.4092291666666667 0.049718750000000075 0.11487499999999998
0 0.4456875 0.5038750000000001 0.05493749999999995 0.12560416666666666
0 0.28381249999999997 0.6449374999999999 0.09278125 0.0625
0 0.20231249999999998 0.6892916666666667 0.059250000000000025 0.07381249999999989
0 0.13978125 0.6654791666666667 0.07706249999999999 0.05
0 0.273984375 0.7368958333333333 0.055265625000000006 0.09762500000000003
0 0.26571875 0.8743958333333333 0.06107812500000005 0.1988124999999999
0 0.10204687500000001 0.9678541666666667 0.0810625 0.06429166666666669
0 0.0239375 0.347625 0.047875 0.12856249999999997
0 0.484765625 0.866375 0.04826562499999998 0.05297916666666656
0 0.549734375 0.8392916666666667 0.05768749999999993 0.06429166666666669
0 0.446359375 0.95 0.07860937500000009 0.04762500000000003
0 0.379140625 0.9616041666666667 0.03435937500000001 0.07679166666666669
0 0.441 0.9854166666666667 0.06787500000000009 0.029166666666666667
0 0.60890625 0.9467291666666667 0.04656249999999993 0.10654166666666663
0 0.74690625 0.8654791666666667 0.08148437499999997 0.1881041666666666
0 0.8534062499999999 0.9160625 0.07575000000000003 0.08689583333333341
0 0.92709375 0.8883958333333334 0.053468750000000044 0.10893749999999992