0 0.21960937500000002 0.21358333333333332 0.045578125000000025 0.12533333333333332
0 0.3074375 0.3659375 0.03375000000000004 0.06891666666666664
0 0.262125 0.38816666666666666 0.029953125000000025 0.07635416666666663
0 0.307609375 0.4613333333333333 0.14173437499999997 0.056020833333333304
0 0.19321875 0.42266666666666663 0.062249999999999986 0.04812500000000005
0 0.112140625 0.3983541666666667 0.11885937499999999 0.059687499999999956
0 0.228109375 0.6896458333333333 0.059125000000000025 0.07745833333333323
0 0.282953125 0.7503124999999999 0.07160937499999998 0.059895833333333336
0 0.115453125 0.7945416666666667 0.073390625 0.09743749999999997
0 0.216296875 0.8355416666666666 0.03551562500000001 0.08216666666666654
0 0.139578125 0.8966666666666666 0.055671874999999996 0.05627083333333331
0 0.321828125 0.9198125 0.23268750000000002 0.06556250000000005
0 0.148609375 0.9712916666666668 0.045953125 0.05741666666666655
0 0.055203125 0.9281458333333333 0.0744375 0.08222916666666673
0 0.6186875 0.9012916666666667 0.055546874999999926 0.06554166666666675
0 0.81796875 0.9689791666666667 0.07910937500000008 0.06204166666666661
0 0.911171875 0.9485208333333334 0.08151562500000012 0.0674166666666667
0 0.6935 0.6669583333333333 0.05587499999999999 0.11541666666666663
0 0.677875 0.8348333333333334 0.05935937500000001 0.09468750000000009
0 0.742625 0.5312708333333334 0.07426562499999996 0.09402083333333332
0 0.686390625 0.45739583333333333 0.04512499999999999 0.07129166666666673
0 0.772828125 0.382625 0.058296874999999915 0.1207916666666667
0 0.821265625 0.2798125 0.033624999999999974 0.06331249999999997
0 0.8847968749999999 0.17862499999999998 0.11207812500000003 0.0877916666666667
0 0.7995625000000001 0.20779166666666665 0.049249999999999974 0.08133333333333331
0 0.7561718749999999 0.3052708333333333 0.03885937500000001 0.06795833333333334
0 0.6975 0.35112499999999996 0.05345312500000006 0.057791666666666686
0 0.67909375 0.31222916666666667 0.05137499999999999 0.05406249999999998
0 0.6504531250000001 0.40391666666666665 0.053109375000000014 0.05227083333333328
0 0.5841406250000001 0.3974375 0.08020312500000007 0.0392916666666667
0 0.708421875 0.166125 0.09267187499999992 0.14614583333333334
0 0.57875 0.09572916666666667 0.07985937500000002 0.07941666666666668
0 0.621453125 0.05635416666666667 0.047218750000000045 0.06547916666666667
0 0.649421875 0.02222916666666667 0.06701562499999998 0.0444375
0 0.554984375 0.034270833333333334 0.09476562499999996 0.035187500000000003
0 0.366109375 0.14737499999999998 0.06082812500000001 0.15029166666666668
0 0.45168749999999996 0.6452083333333333 0.10350000000000001 0.17747916666666655