0 0.507234375 0.9290833333333333 0.047937499999999925 0.12112499999999997
0 0.32028124999999996 0.8383125 0.03860937499999997 0.06920833333333339
0 0.50325 0.7493958333333333 0.06426562499999999 0.0765625
0 0.733765625 0.8607708333333334 0.06698437500000001 0.07245833333333328
0 0.901453125 0.95625 0.07875000000000014 0.0875
0 0.98034375 0.9226041666666667 0.03929687500000014 0.07110416666666666
0 0.83046875 0.6796875 0.03467187500000009 0.07143749999999992
0 0.8591093750000001 0.6018958333333334 0.03848437500000017 0.09360416666666656
0 0.8172656249999999 0.5942708333333333 0.036062499999999977 0.1274166666666666
0 0.77509375 0.5604583333333333 0.04543750000000006 0.08756249999999995
0 0.7394999999999999 0.642875 0.07496875000000003 0.08577083333333325
0 0.85684375 0.4708333333333333 0.03189062500000013 0.08889583333333337
0 0.66346875 0.47502083333333334 0.040953125000000055 0.1250208333333333
0 0.42043749999999996 0.6289791666666668 0.054906249999999976 0.09502083333333336
0 0.419921875 0.4979166666666667 0.13371875000000003 0.06437499999999995
0 0.444046875 0.40668750000000004 0.035453125000000085 0.08747916666666669
0 0.811359375 0.4157291666666667 0.08674999999999997 0.06199999999999998
0 0.8882656250000001 0.147125 0.06346874999999982 0.061833333333333344
0 0.529984375 0.30735416666666665 0.06910937500000003 0.04897916666666665
0 0.43503125000000004 0.2555 0.07017187499999995 0.11191666666666666
0 0.549421875 0.24529166666666666 0.13576562499999997 0.05449999999999999
0 0.48987499999999995 0.08391666666666667 0.041000000000000016 0.08820833333333335
0 0.416796875 0.131375 0.06496875000000002 0.04885416666666666
0 0.345796875 0.27239583333333334 0.09310937500000005 0.06702083333333336
0 0.3440625 0.16287500000000002 0.08270312500000002 0.05629166666666669
0 0.19703125 0.19945833333333332 0.10460937499999998 0.06464583333333333
0 0.075171875 0.09895833333333333 0.11782812499999999 0.09514583333333335
0 0.38278124999999996 0.04339583333333333 0.06637499999999999 0.07660416666666668