0 0.679015625 0.8368958333333333 0.03498437499999998 0.10714583333333323
0 0.558453125 0.8550625000000001 0.06170312500000001 0.08987499999999997
0 0.510890625 0.8797708333333334 0.04246874999999992 0.09762500000000003
0 0.338953125 0.6877916666666667 0.04682812500000004 0.10060416666666659
0 0.14246875 0.8321458333333334 0.0645625 0.09762500000000003
0 0.091546875 0.7556458333333332 0.05203125000000001 0.06964583333333323
0 0.34453125 0.5747083333333334 0.05353124999999999 0.1363125000000001
0 0.5173593750000001 0.5976250000000001 0.05096875000000001 0.2
0 0.8366718750000001 0.4285625 0.10921875000000006 0.07618749999999999
0 0.949203125 0.3642916666666667 0.08429687500000008 0.1142916666666667
0 0.8592187499999999 0.25 0.11415624999999992 0.05237499999999997
0 0.820375 0.2747083333333334 0.11681249999999999 0.060125000000000026
0 0.79446875 0.17977083333333335 0.050687499999999906 0.08810416666666665
0 0.88828125 0.041666666666666664 0.0453125 0.08333333333333333
0 0.72590625 0.30416666666666664 0.048406250000000026 0.08214583333333335
0 0.6464218749999999 0.32768749999999996 0.06801562499999995 0.08272916666666662
0 0.5524218750000001 0.3017916666666667 0.08446875000000009 0.14404166666666665
0 0.437203125 0.4113125 0.0647499999999999 0.14881250000000001
0 0.35146875 0.31814583333333335 0.10756250000000005 0.0875
0 0.29496875 0.4139791666666667 0.07404687499999998 0.05297916666666668
0 0.289609375 0.45327083333333335 0.07760937500000002 0.03631250000000001
0 0.232671875 0.4452291666666667 0.04854687499999999 0.0857083333333333
0 0.1656875 0.5122083333333334 0.07529687499999997 0.07083333333333333
0 0.08709375000000001 0.5110208333333333 0.07881250000000001 0.0684583333333333
0 0.03215625 0.602375 0.0493125 0.1142916666666667
0 0.019203124999999998 0.48214583333333333 0.032328125 0.06429166666666669
0 0.132640625 0.3220208333333333 0.06276562499999998 0.26547916666666665
0 0.124609375 0.15179166666666666 0.082421875 0.058333333333333334
0 0.012328124999999999 0.18897916666666664 0.024656249999999998 0.055354166666666656
0 0.054703125 0.20208333333333334 0.036375000000000005 0.057729166666666686
0 0.259671875 0.0300625 0.04476562499999996 0.060125
0 0.593953125 0.4354166666666667 0.030015625000000056 0.09583333333333334
0 0.964609375 0.8243958333333333 0.057062499999999974 0.07022916666666675