0 0.97575 0.8841666666666667 0.04400000000000013 0.11462499999999996
0 0.5601875 0.8260625 0.08090624999999996 0.17895833333333327
0 0.450125 0.8496666666666666 0.04829687499999995 0.16137500000000007
0 0.16109374999999998 0.9015416666666667 0.057062500000000016 0.15399999999999991
0 0.10034375 0.7674583333333334 0.067484375 0.08491666666666665
0 0.040281250000000005 0.8299791666666666 0.065421875 0.05254166666666672
0 0.03046875 0.771875 0.0609375 0.06458333333333334
0 0.072921875 0.5919375 0.07512500000000001 0.07645833333333343
0 0.16284375 0.5537291666666667 0.06746875000000001 0.06022916666666666
0 0.24529687500000003 0.5745625000000001 0.06918749999999996 0.0556250000000001
0 0.026750000000000003 0.2341875 0.045281249999999995 0.08783333333333336
0 0.028999999999999998 0.09479166666666666 0.032437499999999994 0.07756249999999998
0 0.207109375 0.14272916666666668 0.06225000000000003 0.12249999999999998
0 0.302234375 0.1489791666666667 0.05806249999999995 0.0951875
0 0.26890625 0.3305208333333333 0.04695312500000002 0.1138125
0 0.296328125 0.4252291666666667 0.03931250000000004 0.07637499999999993
0 0.322359375 0.3800625 0.04278124999999999 0.07402083333333327
0 0.39596875 0.41989583333333336 0.06498437499999996 0.04256250000000002
0 0.42807812500000003 0.39027083333333334 0.04240624999999998 0.1870208333333333
0 0.391109375 0.2091875 0.08303124999999997 0.0563125
0 0.443171875 0.12047916666666666 0.09831249999999998 0.04841666666666667
0 0.47964062500000004 0.04408333333333333 0.04482812500000009 0.08262499999999999
0 0.587609375 0.03575 0.03160937500000003 0.0659375
0 0.677875 0.12141666666666667 0.08990624999999994 0.13177083333333334
0 0.60721875 0.2712291666666667 0.053468750000000044 0.05079166666666666
0 0.577375 0.1746875 0.06320312500000007 0.08454166666666665
0 0.557578125 0.21497916666666667 0.07223437500000003 0.08179166666666665
0 0.514703125 0.27725000000000005 0.03856249999999992 0.0535833333333333
0 0.568171875 0.31037499999999996 0.04826562499999998 0.0503541666666667
0 0.67440625 0.36039583333333336 0.10796875000000003 0.07633333333333331
0 0.7868906250000001 0.22354166666666667 0.08293749999999997 0.07577083333333334
0 0.85840625 0.3448541666666667 0.003765625000000128 0.0036041666666667047
0 0.39839062499999994 0.586625 0.16287499999999996 0.13527083333333328