0 0.1359375 0.8441041666666667 0.09701562500000001 0.16877083333333331
0 0.32601562500000003 0.6359375 0.03618750000000004 0.06260416666666657
0 0.49353125000000003 0.721375 0.04829687499999995 0.11777083333333328
0 0.339203125 0.9126458333333333 0.06257812500000001 0.08360416666666666
0 0.49456249999999996 0.5507291666666667 0.05731249999999992 0.07737499999999997
0 0.41384375 0.435875 0.05214062500000001 0.08841666666666666
0 0.41315625 0.3270416666666666 0.13406249999999997 0.06891666666666664
0 0.437984375 0.23349999999999999 0.02053124999999998 0.08181250000000002
0 0.3449375 0.11587499999999999 0.08443750000000003 0.06877083333333335
0 0.43190625000000005 0.10800000000000001 0.07434375000000001 0.11785416666666665
0 0.5218125 0.1478125 0.08056250000000009 0.04933333333333335
0 0.5357031250000001 0.10195833333333333 0.12221875000000004 0.04097916666666667
0 0.6428125 0.29462499999999997 0.027406249999999945 0.11147916666666664
0 0.751125 0.38816666666666666 0.021828125000000042 0.09487500000000004
0 0.714328125 0.45485416666666667 0.059328125000000044 0.06156250000000003
0 0.6287499999999999 0.8309166666666666 0.07220312500000006 0.14700000000000013
0 0.72578125 0.9435208333333333 0.061406249999999926 0.1129583333333334
0 0.85875 0.74175 0.07039062499999993 0.08443749999999994
0 0.95178125 0.7169791666666666 0.06203125000000007 0.04874999999999995
0 0.882 0.8978125 0.054421874999999884 0.0724791666666666
0 0.813265625 0.944125 0.08637499999999995 0.10956250000000006
0 0.9786093749999999 0.33491666666666664 0.04278125000000017 0.12262500000000003
0 0.777515625 0.4071666666666667 0.029453125000000035 0.10043749999999996
0 0.792265625 0.48935416666666665 0.027718749999999924 0.06577083333333332
0 0.8169062500000001 0.410875 0.028390625000000114 0.07081250000000001
0 0.81621875 0.30366666666666664 0.027015624999999942 0.09249999999999999
0 0.9786093749999999 0.10383333333333335 0.04278125000000017 0.07710416666666665
0 0.21892187500000002 0.8709791666666666 0.044218750000000015 0.1808541666666668
0 0.423921875 0.9647291666666666 0.08962500000000002 0.06743750000000001
0 0.41732812499999994 0.8433958333333333 0.05560937500000005 0.06552083333333343
0 0.7160624999999999 0.6614166666666667 0.08015624999999993 0.08114583333333343
0 0.723703125 0.041312499999999995 0.03989062499999996 0.07243750000000002