0 0.4206875 0.08095833333333333 0.058484374999999963 0.09522916666666668
0 0.487 0.18897916666666664 0.06165625000000006 0.07916666666666666
0 0.33046875 0.275 0.03878124999999999 0.0785625
0 0.12348437500000001 0.47560416666666666 0.08464062500000001 0.18214583333333334
0 0.20565625 0.4705416666666667 0.03468749999999998 0.08272916666666662
0 0.223296875 0.5681458333333332 0.05657812499999999 0.0875
0 0.07859374999999999 0.7636875 0.03504687500000001 0.09166666666666666
0 0.034171875 0.8761875 0.06671875000000001 0.06666666666666667
0 0.33359375 0.5357083333333333 0.05396875000000003 0.1
0 0.418 0.47410416666666666 0.053125 0.06606249999999995
0 0.50709375 0.4410625 0.05720312500000002 0.06547916666666669
0 0.497265625 0.34345833333333337 0.03754687499999996 0.08452083333333332
0 0.54615625 0.36964583333333334 0.03267187499999995 0.0892916666666667
0 0.625890625 0.46339583333333334 0.08049999999999997 0.11606249999999996
0 0.42917187500000004 0.6002916666666667 0.08439062499999998 0.056541666666666636
0 0.3579375 0.9205416666666667 0.04460937500000002 0.07797916666666656
0 0.383828125 0.9645833333333333 0.04284375000000003 0.07083333333333333
0 0.490625 0.9802083333333333 0.046875 0.03958333333333333
0 0.57765625 0.9622083333333333 0.09118750000000002 0.04227083333333326
0 0.64609375 0.9697916666666667 0.0640625 0.06041666666666667
0 0.69465625 0.8925625 0.03946874999999998 0.12916666666666668
0 0.714078125 0.7851250000000001 0.06493749999999991 0.06310416666666659
0 0.7225625 0.8508958333333333 0.055109374999999974 0.06964583333333323
0 0.7795 0.9065416666666667 0.048453124999999986 0.04404166666666664
0 0.8393437499999999 0.9196458333333334 0.07885937500000004 0.07022916666666675
0 0.944515625 0.6723125 0.06151562499999983 0.14106250000000006
0 0.8864531250000001 0.5452291666666667 0.05610937500000013 0.09522916666666668
0 0.8210312500000001 0.6107083333333333 0.051156250000000014 0.05952083333333344
0 0.79534375 0.6797708333333333 0.03104687499999992 0.07856250000000008
0 0.71921875 0.5809583333333334 0.07967187500000002 0.09522916666666674
0 0.8029531249999999 0.552375 0.07303125000000002 0.0857083333333333
0 0.858546875 0.38333333333333336 0.07262500000000002 0.08095833333333337
0 0.95009375 0.36012500000000003 0.06821875000000013 0.07022916666666662
0 0.78575 0.12172916666666667 0.04309374999999997 0.07560416666666668
0 0.8199062500000001 0.05535416666666667 0.035531250000000014 0.07977083333333335
0 0.786421875 0.050895833333333335 0.04890625000000002 0.08393750000000001
0 0.706265625 0.09435416666666667 0.06268750000000001 0.06845833333333333
0 0.7406406249999999 0.03602083333333333 0.038203125000000074 0.07202083333333335