0 0.821703125 0.40685416666666663 0.07482812500000006 0.15772916666666661
0 0.803609375 0.7988125 0.060968749999999974 0.10237499999999997
0 0.7408750000000001 0.821125 0.047093749999999976 0.05772916666666674
0 0.73640625 0.6892916666666667 0.07387499999999995 0.07381249999999989
0 0.619859375 0.7907708333333333 0.08184374999999999 0.056541666666666636
0 0.9602187499999999 0.897625 0.07954687500000013 0.06189583333333341
0 0.6211875 0.9764791666666667 0.057734375000000074 0.047020833333333435
0 0.553765625 0.9559583333333334 0.05679687500000004 0.05952083333333344
0 0.7071562499999999 0.44583333333333336 0.04662500000000005 0.12262500000000003
0 0.6738906250000001 0.2050625 0.05596875000000008 0.07560416666666665
0 0.603328125 0.18660416666666665 0.05771875000000008 0.0982083333333333
0 0.671203125 0.05416666666666667 0.03275000000000006 0.10118749999999999
0 0.6307968749999999 0.03214583333333333 0.04567187500000003 0.04522916666666667
0 0.53878125 0.041375 0.04906249999999997 0.07320833333333333
0 0.475390625 0.1988125 0.12774999999999997 0.06904166666666664
0 0.338953125 0.21695833333333334 0.08254687499999998 0.07560416666666665
0 0.388078125 0.3651875 0.07365624999999998 0.0982083333333333
0 0.44123437499999996 0.5089374999999999 0.06385937500000001 0.1345208333333333
0 0.30457812500000003 0.4 0.05842187499999998 0.04285416666666665
0 0.303234375 0.4889791666666667 0.04679687499999998 0.10772916666666663
0 0.2210625 0.45862499999999995 0.06104687499999999 0.08272916666666662
0 0.10137499999999999 0.3294583333333333 0.07168749999999999 0.0982083333333333
0 0.35146875 0.76875 0.08970312499999995 0.07202083333333344
0 0.25946875 0.7267916666666667 0.08428125 0.11310416666666659
0 0.201859375 0.7131041666666668 0.04942187499999999 0.14522916666666674
0 0.16703125000000002 0.8434583333333333 0.069046875 0.0607083333333333
0 0.193609375 0.9190416666666666 0.09093749999999998 0.08095833333333337
0 0.08375 0.8443541666666667 0.08551562500000001 0.06845833333333336
0 0.02215625 0.8809583333333334 0.0443125 0.1