0 0.76409375 0.875 0.05782812499999999 0.06429166666666669
0 0.8321875000000001 0.9616041666666667 0.028843750000000057 0.07679166666666669
0 0.657375 0.9720208333333333 0.08543749999999992 0.05595833333333336
0 0.39790625 0.9339375000000001 0.09331249999999995 0.075
0 0.32556250000000003 0.9059583333333333 0.037890625 0.054770833333333255
0 0.29071875 0.8595208333333333 0.03965624999999999 0.08095833333333337
0 0.25678125 0.8958333333333334 0.04320312499999997 0.11785416666666677
0 0.269296875 0.8008958333333334 0.06821875000000004 0.06487499999999997
0 0.2046875 0.9802083333333333 0.075 0.03958333333333333
0 0.126390625 0.9764791666666667 0.085984375 0.047020833333333435
0 0.040625 0.9802083333333333 0.053125 0.03958333333333333
0 0.49459375000000005 0.6967291666666667 0.04646875000000002 0.13512500000000002
0 0.761421875 0.6345208333333333 0.05245312500000008 0.15477083333333325
0 0.8670312499999999 0.6068541666666667 0.05923437500000013 0.1767916666666667
0 0.4425625 0.5493958333333333 0.057609375000000004 0.09166666666666666
0 0.37625000000000003 0.5592291666666667 0.07229687499999997 0.057729166666666686
0 0.3860625 0.610125 0.05623437499999997 0.05595833333333336
0 0.347890625 0.6830416666666667 0.028968750000000033 0.09106250000000007
0 0.28917187499999997 0.59375 0.06778124999999999 0.1267916666666667
0 0.181765625 0.4738125 0.07531250000000003 0.1428541666666667
0 0.05090625 0.35714583333333333 0.03325 0.12381250000000002
0 0.10718749999999999 0.3785625 0.038640625 0.09522916666666663
0 0.06498437500000001 0.45714583333333336 0.06585937500000001 0.06189583333333329
0 0.04556249999999999 0.19970833333333332 0.05825 0.07679166666666663
0 0.26237499999999997 0.3026875 0.08562500000000002 0.08035416666666666
0 0.41665625000000006 0.39314583333333336 0.07724999999999996 0.09464583333333335
0 0.5062031250000001 0.36339583333333336 0.07328124999999996 0.058937500000000045
0 0.5787656250000001 0.3785625 0.07109375 0.07143750000000004
0 0.679015625 0.3758958333333334 0.05285937500000006 0.09583333333333334
0 0.7301562500000001 0.4089375 0.04351562500000004 0.07262500000000002
0 0.729265625 0.4782708333333333 0.07745312500000008 0.11012500000000003
0 0.36931250000000004 0.07172916666666666 0.036125000000000004 0.09464583333333332
0 0.34565625 0.14314583333333333 0.03343749999999997 0.09464583333333335
0 0.340515625 0.058333333333333334 0.03656249999999996 0.097625
0 0.304125 0.0375 0.030734375000000026 0.06785416666666665
0 0.257234375 0.0973125 0.07089062500000001 0.08631249999999999
0 0.551734375 0.024104166666666666 0.06779687499999998 0.04820833333333333
0 0.597734375 0.1526875 0.03315625000000004 0.08987500000000001
0 0.617390625 0.2381041666666667 0.036734374999999986 0.07618750000000002
0 0.6421718750000001 0.197625 0.03720312499999991 0.06666666666666667
0 0.7089375 0.23304166666666667 0.06806249999999991 0.04820833333333337
0 0.7477968749999999 0.2502916666666667 0.029671875000000014 0.1184583333333333
0 0.7455625 0.16070833333333334 0.034140625000000036 0.08810416666666665
0 0.965625 0.18854166666666666 0.06875 0.07291666666666667
0 0.86990625 0.14160416666666667 0.038328124999999956 0.04841666666666667
0 0.9118124999999999 0.10408333333333333 0.034421874999999956 0.062125000000000014
0 0.847046875 0.05527083333333334 0.038015624999999886 0.07583333333333335
0 0.8816875 0.03045833333333333 0.053062500000000054 0.06091666666666666
0 0.8248125 0.10287500000000001 0.03890625000000014 0.05164583333333335
0 0.7874218749999999 0.110125 0.026468749999999996 0.17912499999999998
0 0.75625 0.04739583333333333 0.02257812500000007 0.09479166666666666
0 0.70965625 0.04033333333333333 0.07787500000000006 0.04760416666666667
0 0.6291249999999999 0.015333333333333334 0.034765625 0.03066666666666667