0 0.8025 0.6925625 0.09893749999999998 0.18154166666666663
0 0.933796875 0.975 0.09365625000000008 0.05
0 0.6781406249999999 0.721125 0.08679687499999993 0.16727083333333326
0 0.35503125 0.7330416666666667 0.07898437500000002 0.14345833333333335
0 0.230671875 0.9827291666666667 0.08471875000000002 0.03452083333333344
0 0.15006250000000002 0.9720208333333333 0.052953125000000024 0.05595833333333336
0 0.10293749999999999 0.9044583333333333 0.043546875000000006 0.08154166666666664
0 0.06029687500000001 0.9377916666666667 0.043078124999999995 0.12439583333333341
0 0.09624999999999999 0.8276875 0.09267187499999999 0.08272916666666674
0 0.25053125 0.7800625 0.048562499999999974 0.08272916666666674
0 0.18778125 0.7035625 0.034671875 0.10237499999999997
0 0.22954687499999998 0.6345208333333333 0.06907812499999999 0.05952083333333344
0 0.121921875 0.5976250000000001 0.077046875 0.12856250000000008
0 0.029296875 0.45118749999999996 0.05859375 0.14522916666666663
0 0.220390625 0.5779791666666667 0.09096875000000001 0.08689583333333341
0 0.304125 0.5642916666666667 0.04859375000000003 0.0857083333333333
0 0.285375 0.3764791666666667 0.06465625 0.10893750000000005
0 0.40014062499999997 0.3631041666666667 0.08884375000000003 0.07381250000000002
0 0.47628125 0.3875 0.07593750000000003 0.07737499999999997
0 0.656921875 0.4488125 0.05775000000000006 0.09285416666666665
0 0.596859375 0.41785416666666664 0.06709375000000009 0.12618749999999998
0 0.660484375 0.5357083333333333 0.06490624999999994 0.1
0 0.941828125 0.2154791666666667 0.07401562499999984 0.07856250000000002
0 0.23178125 0.07827083333333333 0.04676562500000001 0.09583333333333334
0 0.13284374999999998 0.025895833333333333 0.10201562499999998 0.051791666666666666
0 0.523390625 0.1300625 0.04962499999999999 0.11606249999999999
0 0.53321875 0.23095833333333332 0.05142187499999995 0.08570833333333336
0 0.5720625 0.1943541666666667 0.048765625000000055 0.10179166666666664
0 0.662953125 0.241375 0.09214062500000005 0.06487500000000003
0 0.6828125 0.2631041666666667 0.038124999999999964 0.1261875
0 0.6890625 0.14285416666666664 0.03276562500000004 0.07618749999999999
0 0.8471562499999999 0.15654166666666666 0.06323437500000004 0.06785416666666665
0 0.893375 0.11220833333333333 0.053000000000000116 0.08035416666666666
0 0.79 0.10952083333333333 0.05604687499999992 0.05714583333333332
0 0.8275 0.041666666666666664 0.04178125000000001 0.08333333333333333
0 0.86328125 0.028125 0.0734375 0.05625
0 0.750015625 0.08570833333333333 0.04307812500000008 0.15237500000000004
0 0.71796875 0.03854166666666667 0.0421875 0.07708333333333334
0 0.6390625 0.021875 0.06875 0.04375