0 0.7734687499999999 0.8252916666666666 0.049796875000000004 0.1256041666666666
0 0.70871875 0.8252916666666666 0.05421875000000007 0.05416666666666667
0 0.63815625 0.7642916666666667 0.05595312500000009 0.08095833333333337
0 0.888921875 0.14970833333333333 0.09765625 0.10060416666666665
0 0.832859375 0.191375 0.05249999999999986 0.08393749999999998
0 0.6408437499999999 0.172625 0.09704687500000002 0.08810416666666665
0 0.6060156250000001 0.058041666666666665 0.08093749999999993 0.05535416666666666
0 0.128390625 0.18154166666666666 0.05696875000000001 0.08452083333333332
0 0.072359375 0.2506041666666667 0.076125 0.08929166666666663
0 0.084859375 0.6422708333333333 0.065421875 0.06310416666666659
0 0.071234375 0.8952291666666666 0.07121874999999998 0.0857083333333333
0 0.10831249999999999 0.9684583333333333 0.14357812499999997 0.0488124999999999
0 0.16568750000000002 0.7520833333333333 0.032421875 0.08154166666666664
0 0.41398437499999996 0.8151875000000001 0.10760937500000001 0.06964583333333323
0 0.34364062500000003 0.7181458333333333 0.051750000000000004 0.1017916666666667
0 0.415546875 0.7261875 0.061609374999999966 0.0761875000000001
0 0.48053125 0.6970208333333333 0.09962499999999999 0.22977083333333326
0 0.403484375 0.5827291666666666 0.046421875000000015 0.11070833333333331
0 0.43518749999999995 0.5157708333333333 0.06520312500000003 0.05416666666666667
0 0.36753125 0.49285416666666665 0.05042187499999997 0.06189583333333329
0 0.315734375 0.48214583333333333 0.053953124999999956 0.040479166666666684
0 0.287390625 0.4479166666666667 0.08206249999999997 0.07083333333333333
0 0.466015625 0.4651875 0.10004687499999995 0.060125000000000026
0 0.45440625 0.3607083333333333 0.11254687499999996 0.05952083333333332
0 0.46399999999999997 0.3089375 0.10050000000000008 0.06310416666666671
0 0.42828125000000006 0.24910416666666665 0.11834375000000001 0.06845833333333336
0 0.91503125 0.49106250000000007 0.0561406250000001 0.0940416666666667
0 0.9769687499999999 0.43214583333333334 0.04606250000000003 0.08333333333333333