0 0.9724999999999999 0.4764791666666666 0.05500000000000007 0.1184583333333333
0 0.8936093749999999 0.15118749999999997 0.08470312500000006 0.04522916666666668
0 0.87953125 0.21160416666666665 0.03423437500000013 0.07679166666666669
0 0.8880156250000001 0.066375 0.02440624999999983 0.07202083333333333
0 0.939140625 0.12470833333333334 0.0329218749999999 0.06964583333333335
0 0.8150000000000001 0.20477083333333335 0.05249999999999995 0.05714583333333335
0 0.63771875 0.1425625 0.09971875000000008 0.057729166666666686
0 0.43475 0.21310416666666668 0.055375000000000084 0.12143749999999999
0 0.545484375 0.316375 0.026859375000000085 0.09583333333333334
0 0.571390625 0.3372083333333334 0.025093749999999915 0.1017916666666667
0 0.728609375 0.5654791666666666 0.1966875 0.08810416666666665
0 0.835328125 0.6381041666666667 0.09760937500000004 0.06666666666666667
0 0.851625 0.7633958333333334 0.09003124999999983 0.0732083333333333
0 0.65871875 0.8372083333333333 0.11492187499999992 0.05416666666666667
0 0.684828125 0.9 0.09126562499999995 0.04285416666666677
0 0.691765625 0.9571458333333334 0.12743749999999993 0.03810416666666659
0 0.35771875 0.7824375 0.06648437500000001 0.0875
0 0.296078125 0.8485208333333334 0.05037500000000002 0.0886875000000001
0 0.08262500000000002 0.7803541666666667 0.105609375 0.07737499999999997
0 0.026125 0.575 0.050640624999999995 0.05952083333333344
0 0.24517187499999998 0.4949375 0.03782812499999997 0.09583333333333334
0 0.29162499999999997 0.5416666666666666 0.041437499999999974 0.06429166666666669
0 0.32599999999999996 0.472625 0.04771875000000003 0.07381250000000002
0 0.21325 0.3872083333333334 0.05879687499999999 0.058937500000000045
0 0.101609375 0.37470833333333337 0.06765625 0.04583333333333333
0 0.033937499999999995 0.2863125 0.035015624999999995 0.11310416666666669
0 0.046890625000000005 0.158625 0.066296875 0.05416666666666667