0 0.53009375 0.7488125 0.05409375000000001 0.12143749999999992
0 0.31840625 0.8368958333333333 0.04145312500000005 0.10714583333333323
0 0.1594375 0.9779791666666667 0.09851562499999997 0.04404166666666664
0 0.155859375 0.114875 0.09135937500000002 0.07977083333333332
0 0.031984374999999995 0.23452083333333332 0.06395312500000001 0.09285416666666665
0 0.7033750000000001 0.23481249999999995 0.1328125 0.08749999999999997
0 0.952546875 0.339875 0.07759375000000013 0.10118749999999999
0 0.9375937499999999 0.8 0.07892187499999999 0.08095833333333337
0 0.61875 0.020833333333333332 0.196875 0.041666666666666664
0 0.526296875 0.11397916666666667 0.08668750000000003 0.07202083333333335
0 0.890234375 0.04047916666666666 0.05150000000000006 0.08095833333333333
0 0.545734375 0.8988125 0.13003125000000004 0.0881041666666666