0 0.9547812499999999 0.7791666666666667 0.05526562499999983 0.17022916666666674
0 0.8875781249999999 0.7756041666666668 0.08603124999999992 0.09166666666666666
0 0.803609375 0.6928541666666667 0.060968749999999974 0.10477083333333326
0 0.29140625 0.9660624999999999 0.09904687499999998 0.06785416666666677
0 0.20231249999999998 0.8449375 0.13068749999999998 0.05772916666666674
0 0.19159375 0.897625 0.07353125 0.06189583333333341
0 0.11321874999999999 0.8666666666666667 0.055171875 0.04762500000000003
0 0.1333125 0.7544583333333333 0.08643749999999999 0.11487499999999998
0 0.03371875 0.9118958333333332 0.056906250000000005 0.1142916666666667
0 0.25634375 0.5967291666666666 0.03337500000000002 0.09702083333333343
0 0.1594375 0.45268749999999996 0.06993749999999999 0.06606249999999995
0 0.471140625 0.6035625 0.043343750000000014 0.11666666666666667
0 0.543046875 0.7175625 0.12465624999999995 0.09345833333333337
0 0.5358906250000001 0.60625 0.05678125000000005 0.06845833333333336
0 0.62834375 0.5833333333333334 0.09345312499999991 0.26666666666666666
0 0.5443749999999999 0.4386875 0.04696874999999991 0.13214583333333335
0 0.587703125 0.35625 0.07110937499999999 0.06845833333333336
0 0.482546875 0.3151875 0.12417187500000004 0.06964583333333335
0 0.40304687499999997 0.2651875 0.12590625000000003 0.06487500000000003
0 0.6265625 0.1901875 0.1354375000000001 0.03987500000000003
0 0.6348125 0.121125 0.09390625000000004 0.06845833333333332
0 0.6140625 0.053875 0.16042187499999994 0.064875