0 0.519609375 0.042562499999999996 0.15367187500000004 0.07202083333333335
0 0.7397812500000001 0.1 0.21723437500000004 0.07143749999999999
0 0.291859375 0.3267916666666667 0.16245312499999995 0.12262500000000003
0 0.309453125 0.027083333333333334 0.08359375 0.05416666666666667
0 0.23625 0.4642916666666667 0.07356249999999998 0.07618749999999999
0 0.286921875 0.5797708333333333 0.047250000000000014 0.09762500000000003
0 0.272203125 0.6767916666666667 0.06956249999999997 0.08452083333333343
0 0.055390625000000006 0.6083333333333333 0.095765625 0.10237499999999997
0 0.5287499999999999 0.6178541666666667 0.06034375000000001 0.09762500000000003
0 0.6316875 0.6720208333333333 0.08318750000000001 0.12262500000000003
0 0.34390624999999997 0.8779791666666666 0.162015625 0.06310416666666659
0 0.19628125000000002 0.8738125 0.042718749999999986 0.03810416666666659
0 0.203203125 0.9184583333333334 0.11462500000000002 0.06785416666666677
0 0.42559375 0.8118958333333333 0.04153125000000006 0.08095833333333337
0 0.51825 0.8392916666666667 0.052749999999999984 0.06429166666666669
0 0.569390625 0.891375 0.04340624999999996 0.055354166666666774
0 0.623640625 0.9479166666666666 0.049249999999999974 0.061312499999999895
0 0.9737500000000001 0.6940416666666667 0.03518749999999997 0.13095833333333337
0 0.9331250000000001 0.6342291666666667 0.0342656250000001 0.0886875000000001
0 0.8558749999999999 0.5383958333333333 0.10298437500000013 0.07560416666666665
0 0.8069843750000001 0.4764791666666667 0.14359375000000005 0.04702083333333332
0 0.8194687500000001 0.4169583333333333 0.05070312500000007 0.07083333333333333
0 0.917953125 0.34910416666666666 0.11106249999999988 0.07797916666666668
0 0.969515625 0.4613125 0.05795312499999987 0.08214583333333335