0 0.6131562500000001 0.9089375000000001 0.07737499999999997 0.14404166666666665
0 0.5109375 0.9416666666666667 0.05625 0.11666666666666667
0 0.44479687500000004 0.7089375 0.10673437500000005 0.10118750000000011
0 0.28515625 0.6988125000000001 0.140125 0.06904166666666664
0 0.143578125 0.7157708333333334 0.0801875 0.0732083333333333
0 0.258578125 0.9660624999999999 0.06464062500000001 0.06785416666666677
0 0.19248437499999999 0.8785624999999999 0.07531249999999998 0.11904166666666664
0 0.11521875 0.9368958333333333 0.07257812500000002 0.11666666666666667
0 0.03515625 0.9520833333333333 0.0703125 0.09583333333333334
0 0.07190625 0.4497083333333334 0.04845312500000001 0.1482083333333333
0 0.0401875 0.38660416666666664 0.029656250000000006 0.09345833333333337
0 0.009640625 0.3535625 0.01928125 0.11666666666666667
0 0.240265625 0.2776875 0.05479687499999999 0.12560416666666668
0 0.33068749999999997 0.2857083333333333 0.05262500000000001 0.1
0 0.023046875 0.20029166666666667 0.04609375 0.06606250000000001
0 0.09423437500000001 0.12977083333333334 0.06453125000000001 0.12143750000000002
0 0.24515625000000002 0.042854166666666665 0.12653125000000004 0.08570833333333333
0 0.4363125 0.07291666666666667 0.04510937500000001 0.14464583333333333
0 0.482296875 0.12708333333333333 0.03887499999999999 0.14583333333333334
0 0.6113593749999999 0.08929166666666667 0.05593749999999993 0.1785625
0 0.6759062499999999 0.2282708333333333 0.06623437499999998 0.10060416666666668
0 0.7873281249999999 0.3169583333333333 0.08642187499999991 0.06131250000000001
0 0.806515625 0.07112500000000001 0.04445312500000007 0.12916666666666668
0 0.588359375 0.32054166666666667 0.04118750000000002 0.09227083333333337
0 0.596625 0.4309583333333334 0.05325000000000006 0.05714583333333335
0 0.51378125 0.4 0.04381249999999994 0.13810416666666672
0 0.4831875 0.3345208333333333 0.022812500000000034 0.10237499999999997
0 0.45328125 0.26160416666666664 0.08976562500000007 0.08631250000000001
0 0.471578125 0.5059583333333334 0.03529687500000005 0.15952083333333325
0 0.44926562499999995 0.5375 0.062078125000000026 0.04404166666666664
0 0.379140625 0.521125 0.055781249999999984 0.07679166666666669
0 0.321984375 0.5008958333333333 0.048609375000000024 0.1553541666666667