0 0.189796875 0.3607083333333333 0.05209374999999998 0.05952083333333332
0 0.252328125 0.127375 0.05212500000000002 0.11666666666666667
0 0.12615625 0.5693541666666667 0.05428125000000002 0.04227083333333326
0 0.09915625 0.5993958333333332 0.076140625 0.0488124999999999
0 0.15228124999999998 0.6571458333333333 0.04849999999999999 0.08095833333333337
0 0.080828125 0.7348125 0.03057812500000001 0.0875
0 0.05046874999999999 0.8175625 0.05914062499999999 0.07439583333333341
0 0.123265625 0.7654791666666667 0.03865625000000002 0.10714583333333323
0 0.155640625 0.7773749999999999 0.041796875 0.08333333333333333
0 0.134421875 0.8491041666666667 0.030624999999999993 0.07797916666666656
0 0.32221875 0.6842291666666667 0.08031249999999997 0.14106250000000006
0 0.3193125 0.4657708333333333 0.04325000000000001 0.0732083333333333
0 0.38696875000000003 0.42381250000000004 0.058015625000000036 0.09047916666666668
0 0.454171875 0.40387500000000004 0.08084375000000002 0.06845833333333336
0 0.515578125 0.5386875 0.04739062500000006 0.09404166666666663
0 0.5430312500000001 0.43720833333333337 0.03534375000000001 0.13512500000000002
0 0.695546875 0.4666666666666667 0.04124999999999997 0.08095833333333337
0 0.6875 0.5657708333333333 0.043031249999999945 0.10654166666666663
0 0.563578125 0.5743958333333333 0.040718749999999915 0.11785416666666672
0 0.4059375 0.6916666666666667 0.03793749999999996 0.07856250000000008
0 0.37803125 0.8678541666666667 0.040156249999999984 0.07381249999999989
0 0.398125 0.9544583333333333 0.03570312500000004 0.0625
0 0.42915625 0.9110208333333334 0.04510937500000001 0.07797916666666656
0 0.491015625 0.9547708333333333 0.060765624999999976 0.03333333333333333
0 0.531421875 0.9535625 0.029984375000000084 0.07856250000000008
0 0.523828125 0.8678541666666667 0.02371874999999992 0.07381249999999989
0 0.51625 0.68125 0.10679687500000004 0.051791666666666694
0 0.46935937499999997 0.7473124999999999 0.07907812500000003 0.048208333333333304
0 0.5443749999999999 0.7458333333333333 0.02909375000000001 0.07977083333333326
0 0.5658125 0.8047708333333333 0.03626562500000006 0.14285416666666678
0 0.607125 0.8235208333333334 0.025125000000000064 0.038687500000000104
0 0.648875 0.8550625000000001 0.041671874999999935 0.04227083333333326
0 0.7444531249999999 0.9080416666666667 0.08996875000000007 0.04106250000000008
0 0.6921875 0.8205416666666667 0.030093749999999985 0.06845833333333336
0 0.632796875 0.7574375 0.04523437500000007 0.061312499999999895
0 0.6546875 0.7285625 0.04435937499999998 0.08095833333333337
0 0.743109375 0.6732083333333333 0.10335937499999996 0.11547916666666656
0 0.8563124999999999 0.7773749999999999 0.09495312499999997 0.05952083333333344
0 0.8864531250000001 0.5110208333333334 0.07040624999999992 0.09227083333333337
0 0.9116875 0.42143749999999996 0.06282812500000005 0.06189583333333329
0 0.982546875 0.40208333333333335 0.034906249999999875 0.1006041666666667
0 0.903875 0.15922916666666667 0.06059374999999996 0.11487499999999999
0 0.826171875 0.19166666666666668 0.09090625000000001 0.06904166666666664
0 0.692421875 0.06695833333333333 0.043937500000000004 0.061312500000000006
0 0.7319375 0.13779166666666667 0.04707812499999999 0.048208333333333346
0 0.65109375 0.01964583333333333 0.06996874999999995 0.03929166666666666
0 0.59171875 0.023208333333333334 0.03448437500000008 0.03929166666666666
0 0.5374531250000001 0.09166666666666666 0.06437500000000007 0.04522916666666668
0 0.5606718749999999 0.15833333333333333 0.03937500000000007 0.08333333333333333
0 0.58703125 0.2434583333333333 0.04743750000000002 0.09881249999999998
0 0.63971875 0.18868749999999998 0.06354687499999993 0.0607083333333333
0 0.6542343749999999 0.2803541666666666 0.052390624999999955 0.053562499999999985
0 0.7301562500000001 0.23214583333333336 0.02564062499999995 0.06429166666666669
0 0.731265625 0.29939583333333336 0.023406250000000028 0.04404166666666664
0 0.706921875 0.3547708333333333 0.05779687500000001 0.10477083333333338