0 0.14165624999999998 0.17608333333333331 0.059843750000000015 0.15216666666666664
0 0.054000000000000006 0.3298125 0.082421875 0.05222916666666665
0 0.107640625 0.37081250000000004 0.061234374999999994 0.05549999999999997
0 0.22584374999999998 0.3967291666666667 0.12751562500000002 0.05181250000000001
0 0.1716875 0.3203333333333333 0.03309375000000001 0.09343750000000005
0 0.2123125 0.29924999999999996 0.03795312500000001 0.08370833333333334
0 0.268375 0.09827083333333334 0.05632812500000002 0.14470833333333336
0 0.48484375 0.33514583333333337 0.07606249999999992 0.04897916666666665
0 0.329828125 0.5428541666666666 0.047296874999999974 0.10793750000000006
0 0.13384374999999998 0.6192708333333333 0.047687500000000015 0.08481250000000008
0 0.20242187500000003 0.6794583333333333 0.049406250000000006 0.057062499999999974
0 0.035109375 0.7241666666666667 0.07021875 0.10479166666666657
0 0.061640625000000004 0.8105208333333334 0.05603125 0.05066666666666677
0 0.01484375 0.934375 0.0296875 0.08541666666666667
0 0.083859375 0.9323333333333333 0.05881250000000001 0.09983333333333325
0 0.194765625 0.9170416666666666 0.13134375 0.05999999999999991
0 0.177421875 0.9747708333333333 0.08273437500000003 0.05045833333333339
0 0.12846875 0.7651458333333333 0.03345312499999999 0.0895416666666667
0 0.222375 0.843875 0.21778124999999998 0.061812499999999916
0 0.511921875 0.8251041666666666 0.06078124999999997 0.06595833333333327
0 0.65653125 0.9309375000000001 0.05484375000000004 0.06927083333333334
0 0.71571875 0.8948125 0.07253124999999994 0.08962499999999997
0 0.795921875 0.8693333333333333 0.07321874999999993 0.06645833333333329
0 0.8827187500000001 0.9172708333333334 0.04125000000000014 0.1299166666666667
0 0.9117031250000001 0.9265416666666667 0.030484374999999987 0.1299375
0 0.9386093750000001 0.724625 0.054421874999999884 0.11497916666666655
0 0.8872187500000001 0.5965833333333334 0.06832812500000003 0.14131250000000004
0 0.928375 0.4539375 0.03603124999999992 0.0782291666666667
0 0.5903906250000001 0.6012083333333333 0.051046874999999936 0.11352083333333335
0 0.6388125 0.4680625 0.08193749999999991 0.08333333333333333
0 0.66346875 0.3187083333333333 0.040953125000000055 0.10408333333333332
0 0.568859375 0.29622916666666665 0.08993750000000009 0.15275
0 0.638296875 0.2483125 0.042703125000000064 0.09293750000000003
0 0.691765625 0.166125 0.04684375000000003 0.0905625
0 0.77265625 0.13254166666666667 0.09614062499999995 0.08360416666666669
0 0.941390625 0.2587291666666667 0.03082812500000003 0.07210416666666669
0 0.979484375 0.2948541666666667 0.041031249999999984 0.07027083333333334
0 0.9620468750000001 0.050812500000000003 0.06171875 0.09141666666666666
0 0.571640625 0.0899375 0.04826562499999998 0.09097916666666665
0 0.636046875 0.14689583333333334 0.04165624999999995 0.08454166666666668
0 0.46140625 0.05358333333333333 0.07989062499999999 0.05252083333333334
0 0.5258125 0.027875 0.05384375000000006 0.05575