0 0.9578125 0.45208333333333334 0.084375 0.15
0 0.79446875 0.7809583333333333 0.06498437500000005 0.06666666666666667
0 0.742875 0.9047708333333334 0.04664062500000003 0.0761875000000001
0 0.7748125 0.9023749999999999 0.04353125000000002 0.09522916666666674
0 0.847609375 0.9883958333333334 0.05520312499999989 0.023208333333333307
0 0.5033125 0.9660624999999999 0.12553125000000004 0.06785416666666677
0 0.42024999999999996 0.747625 0.07007812500000003 0.11904166666666664
0 0.321984375 0.7806458333333333 0.06646875000000003 0.048208333333333304
0 0.62678125 0.3047708333333333 0.11801562499999996 0.09047916666666668
0 0.615625 0.23541666666666666 0.12248437499999998 0.07679166666666669
0 0.5975312500000001 0.1285625 0.07289062499999996 0.07143750000000001
0 0.4995 0.222625 0.10454687499999996 0.03570833333333336
0 0.433625 0.26875 0.039750000000000084 0.09583333333333334
0 0.247859375 0.25237499999999996 0.06106249999999998 0.19999999999999998
0 0.189359375 0.23779166666666668 0.060125000000000005 0.08154166666666669
0 0.12281249999999999 0.18272916666666666 0.050265625000000015 0.07262499999999997
0 0.092890625 0.28810416666666666 0.0600625 0.09047916666666668
0 0.105625 0.3940416666666666 0.03104687500000001 0.07856249999999995
0 0.18065625000000002 0.45 0.10968749999999998 0.07143750000000004
0 0.109640625 0.5190416666666666 0.04801562499999999 0.042854166666666714
0 0.098703125 0.5934583333333333 0.048453125 0.08452083333333343
0 0.151609375 0.5868958333333333 0.04268749999999999 0.08333333333333333
0 0.204984375 0.6642916666666667 0.046734375000000015 0.07143749999999992
0 0.23178125 0.7291666666666666 0.04676562500000001 0.04643749999999992
0 0.4999375 0.4949375 0.046499999999999986 0.07202083333333333
0 0.504859375 0.43272916666666666 0.04381249999999994 0.048812500000000016
0 0.54125 0.39314583333333336 0.06750000000000007 0.07083333333333333
0 0.049578125 0.6684583333333334 0.057359375000000004 0.04404166666666664
0 0.0705625 0.7449375 0.0546875 0.09583333333333334
0 0.0998125 0.8398749999999999 0.046218749999999996 0.07737499999999997
0 0.1594375 0.7764791666666666 0.08065625000000001 0.051791666666666694
0 0.23757812500000003 0.822625 0.03157812499999997 0.054770833333333255
0 0.242265625 0.8824375 0.03650000000000002 0.03987499999999997
0 0.17193750000000002 0.8743958333333333 0.05207812500000002 0.0511875000000001
0 0.226640625 0.9181458333333333 0.049875000000000023 0.0732083333333333
0 0.21212499999999998 0.958625 0.04317187499999999 0.05893749999999993
0 0.066328125 0.975 0.05959375 0.05
0 0.027031249999999996 0.05714583333333333 0.052437500000000005 0.11429166666666667