0 0.0390625 0.025 0.078125 0.05
0 0.04271874999999999 0.12720833333333334 0.07721875 0.06831249999999998
0 0.061453125 0.21010416666666665 0.11471874999999998 0.09522916666666668
0 0.42964062500000005 0.3770625 0.09206249999999998 0.17637499999999992
0 0.524953125 0.33677083333333335 0.03475000000000002 0.11243749999999994
0 0.57146875 0.23997916666666666 0.07223437500000003 0.07625000000000001
0 0.657046875 0.43935416666666666 0.04546875000000004 0.15556250000000002
0 0.69540625 0.3467291666666667 0.04928124999999994 0.11845833333333336
0 0.788796875 0.39327083333333335 0.07634375000000002 0.07727083333333327
0 0.885828125 0.3789166666666667 0.09332812500000003 0.07633333333333331
0 0.8827031249999999 0.7169791666666666 0.10790624999999991 0.08581250000000011
0 0.77265625 0.9045416666666667 0.03364062499999996 0.09981249999999993
0 0.81171875 0.9170416666666666 0.038843749999999934 0.09704166666666675
0 0.656171875 0.7744166666666668 0.047203125000000054 0.14512499999999992
0 0.415578125 0.9712916666666668 0.07296875000000003 0.05741666666666655
0 0.29459375 0.966125 0.08445312500000002 0.04706250000000007
0 0.220296875 0.8755833333333333 0.046968750000000004 0.10210416666666665
0 0.176375 0.8707291666666667 0.03204687499999999 0.07849999999999989
0 0.23296875 0.7306458333333333 0.06884375000000001 0.06218750000000005