0 0.359953125 0.0973125 0.07989062499999999 0.0625
0 0.91884375 0.21904166666666666 0.11284375000000005 0.08570833333333336
0 0.7381875 0.721125 0.05959374999999998 0.11964583333333323
0 0.52271875 0.8151875000000001 0.043828124999999926 0.11727083333333325
0 0.3625 0.9625 0.08125 0.075
0 0.7540625000000001 0.872625 0.11364062500000002 0.08333333333333333
0 0.081296875 0.6952291666666667 0.094 0.18095833333333336
0 0.22307812500000002 0.22708333333333333 0.07845312499999998 0.08393750000000001
0 0.166359375 0.122625 0.045374999999999985 0.08333333333333333
0 0.123265625 0.15743749999999998 0.03507812499999998 0.05179166666666668
0 0.068546875 0.11070833333333334 0.03728125 0.08333333333333333
0 0.105171875 0.0589375 0.035515624999999995 0.09166666666666666
0 0.14690625 0.033041666666666664 0.06940624999999997 0.0660625
0 0.027468749999999997 0.10535416666666667 0.044390624999999996 0.17977083333333335