0 0.7181093749999999 0.7202291666666666 0.09976562500000004 0.0881041666666666
0 0.5832499999999999 0.6395833333333333 0.15148437500000006 0.0875
0 0.38093750000000004 0.7131041666666668 0.04149999999999996 0.12143749999999992
0 0.3610625 0.6 0.07765624999999998 0.0857083333333333
0 0.25725 0.8607083333333333 0.14234375000000002 0.05952083333333344
0 0.26953125 0.9133958333333333 0.13565624999999998 0.0636875000000001
0 0.5763125 0.9559583333333334 0.06171875 0.08333333333333333
0 0.19159375 0.7845208333333333 0.10925000000000003 0.07381249999999989
0 0.14940625000000002 0.733625 0.1721875 0.0375
0 0.019875 0.8006041666666667 0.038140625 0.09404166666666663
0 0.114328125 0.6868958333333333 0.07079687500000001 0.045229166666666744
0 0.094015625 0.5675625 0.07926562499999998 0.0982083333333333
0 0.03775 0.46189583333333334 0.056015625 0.11904166666666664
0 0.03796875 0.26189583333333327 0.051984375000000006 0.12381249999999998
0 0.158765625 0.1199375 0.056984375 0.08393750000000001
0 0.22731249999999997 0.1625 0.07354687499999998 0.07977083333333332
0 0.360390625 0.20477083333333335 0.053984375000000015 0.05714583333333335
0 0.44479687500000004 0.25893750000000004 0.07101562500000007 0.05833333333333336
0 0.297203125 0.41875 0.030281249999999992 0.11012500000000003
0 0.268390625 0.4053541666666666 0.030703124999999963 0.0892916666666667
0 0.23690625 0.51875 0.04006249999999998 0.07202083333333338
0 0.228203125 0.3425625 0.03960937500000004 0.1006041666666667
0 0.724796875 0.4386875 0.05065624999999994 0.08452083333333332
0 0.6736718749999999 0.36695833333333333 0.05999999999999996 0.08987499999999997
0 0.9311093749999999 0.30772916666666666 0.05257812500000014 0.10833333333333334
0 0.9326718749999999 0.17352083333333335 0.045874999999999846 0.11964583333333335
0 0.88846875 0.049708333333333334 0.08782812500000006 0.08631250000000001
0 0.8223750000000001 0.0613125 0.044906250000000016 0.09166666666666666
0 0.767671875 0.13095833333333334 0.08996875000000007 0.09047916666666668
0 0.67925 0.11666666666666667 0.08456250000000001 0.07143749999999999
0 0.626765625 0.2214375 0.04656249999999993 0.11429166666666664
0 0.575640625 0.08422916666666666 0.09164062499999996 0.08393750000000001
0 0.713609375 0.04047916666666666 0.059218749999999966 0.08095833333333333