0 0.14946874999999998 0.06702083333333334 0.044218750000000015 0.11458333333333333
0 0.150171875 0.1607916666666667 0.07337500000000001 0.05675
0 0.20745312500000002 0.08066666666666666 0.042109374999999984 0.1095
0 0.288 0.16518750000000001 0.09485937499999997 0.12574999999999997
0 0.0680625 0.19089583333333332 0.06540625000000001 0.052145833333333336
0 0.066140625 0.3330625 0.09978124999999999 0.06797916666666666
0 0.5226875 0.6762291666666667 0.09479687499999993 0.0598541666666667
0 0.620421875 0.4101875 0.05485937500000002 0.1620416666666666
0 0.130375 0.7264583333333333 0.068515625 0.0446041666666666
0 0.22271875 0.7139583333333334 0.07265625 0.04737500000000002
0 0.305703125 0.7405833333333334 0.07889062500000002 0.06822916666666666
0 0.359515625 0.6456666666666667 0.05457812500000001 0.12837500000000002
0 0.39665625000000004 0.5884583333333333 0.038593750000000024 0.06489583333333329
0 0.444921875 0.6572291666666668 0.04482812500000009 0.04964583333333342
0 0.798 0.699375 0.06348437500000008 0.0691249999999999
0 0.92090625 0.6151041666666667 0.05929687500000007 0.08574999999999994
0 0.98671875 0.7427083333333333 0.0265625 0.11458333333333333
0 0.794875 0.9313958333333333 0.06418749999999998 0.0609375
0 0.7092968749999999 0.88625 0.06317187499999992 0.07710416666666665
0 0.12153125000000001 0.8818333333333332 0.047343750000000004 0.08220833333333341
0 0.042359375 0.8746666666666666 0.08346875000000001 0.0632083333333334
0 0.0703125 0.9652083333333333 0.09421875 0.06372916666666674
0 0.125515625 0.7984791666666666 0.09212500000000001 0.07843749999999995
0 0.030734375 0.7431458333333333 0.056734375000000004 0.0964791666666668
0 0.543171875 0.0866875 0.08160937500000003 0.09375
0 0.630484375 0.0491875 0.07915624999999996 0.08354166666666665
0 0.713984375 0.07464583333333333 0.06490624999999994 0.06966666666666667
0 0.8594531249999999 0.14691666666666667 0.13776562500000003 0.23272916666666668
0 0.91465625 0.3474375 0.060687499999999873 0.1615208333333334
0 0.40221875 0.32104166666666667 0.07748437500000005 0.15502083333333336
0 0.479296875 0.27170833333333333 0.07884375000000006 0.09804166666666667
0 0.5542812500000001 0.25710416666666663 0.04828124999999996 0.08274999999999996
0 0.48796875 0.3766041666666667 0.07537500000000001 0.1365416666666667