0 0.57596875 0.38495833333333335 0.056656249999999984 0.17445833333333335
0 0.6981875 0.15629166666666666 0.05343750000000007 0.12987500000000002
0 0.8788125000000001 0.04897916666666667 0.07212500000000013 0.08035416666666667
0 0.8046875 0.020916666666666663 0.04723437500000003 0.04183333333333333
0 0.8825312500000001 0.22866666666666668 0.0547968749999999 0.08199999999999998
0 0.910390625 0.29470833333333335 0.03209374999999994 0.10402083333333335
0 0.9401249999999999 0.28231249999999997 0.025515624999999886 0.10677083333333333
0 0.8829375 0.3833125 0.04735937499999991 0.07208333333333337
0 0.919484375 0.4075208333333334 0.033749999999999857 0.09849999999999995
0 0.9828125 0.45729166666666665 0.034375 0.07291666666666667
0 0.703140625 0.34202083333333333 0.04682812500000004 0.08860416666666673
0 0.74896875 0.44027083333333333 0.08071874999999995 0.10345833333333339
0 0.7609375 0.5624375 0.06337499999999992 0.03962499999999996
0 0.738640625 0.6114166666666667 0.06832812500000003 0.060541666666666556
0 0.664328125 0.6683749999999999 0.051765624999999996 0.11391666666666657
0 0.8393906250000001 0.5927083333333333 0.07168750000000017 0.045124999999999936
0 0.9523125 0.6488333333333334 0.07053125000000016 0.06933333333333327
0 0.807390625 0.6262708333333333 0.05309375000000003 0.0352291666666666
0 0.863328125 0.6474583333333332 0.03703125000000007 0.07208333333333337
0 0.9038125000000001 0.7154375000000001 0.15100000000000016 0.05943749999999994
0 0.9252812499999999 0.7767916666666667 0.14440625000000012 0.07760416666666667
0 0.30479687499999997 0.32691666666666663 0.08314062499999997 0.07785416666666668
0 0.43784375000000003 0.4716666666666667 0.11339062499999994 0.17095833333333335
0 0.284578125 0.5004166666666666 0.10221875000000002 0.04833333333333331
0 0.25040625 0.43833333333333335 0.06057812499999997 0.046291666666666606
0 0.312640625 0.5721666666666666 0.08581250000000003 0.05952083333333344
0 0.19009375 0.5836041666666667 0.04679687499999998 0.05697916666666671
0 0.24353125000000003 0.584125 0.03156249999999998 0.06818750000000004
0 0.25842187499999997 0.671125 0.03845312500000002 0.0895416666666667
0 0.05 0.7133541666666667 0.06426562499999999 0.06208333333333324
0 0.060109375 0.8822708333333333 0.05015624999999999 0.09464583333333323
0 0.273703125 0.24575 0.130078125 0.08547916666666668
0 0.17196875 0.27018749999999997 0.08304687499999999 0.08141666666666664
0 0.20745312500000002 0.16510416666666666 0.03956249999999999 0.12058333333333332
0 0.11967187500000001 0.16027083333333333 0.10821874999999999 0.065125
0 0.160703125 0.11727083333333334 0.041437500000000016 0.045291666666666654
0 0.212625 0.08216666666666667 0.08421874999999998 0.04629166666666666
0 0.0954375 0.021125 0.101703125 0.04222916666666666