0 0.952546875 0.14702083333333332 0.04185937499999994 0.12022916666666668
0 0.967953125 0.2577291666666667 0.03249999999999993 0.07977083333333332
0 0.9881249999999999 0.2050625 0.02375000000000007 0.07560416666666665
0 0.9154843749999999 0.4184583333333334 0.08382812500000014 0.09166666666666666
0 0.829078125 0.3857083333333333 0.06723437499999996 0.06189583333333329
0 0.71653125 0.4032708333333333 0.07431250000000009 0.07916666666666666
0 0.781515625 0.75625 0.08373437500000006 0.15416666666666667
0 0.73640625 0.5892916666666667 0.07387499999999995 0.0881041666666666
0 0.650671875 0.6131041666666667 0.098828125 0.06904166666666664
0 0.55421875 0.6282708333333333 0.10234375 0.17202083333333343
0 0.61671875 0.7327291666666667 0.04879687500000003 0.10118750000000011
0 0.663171875 0.6633958333333333 0.07026562500000004 0.0636875000000001
0 0.675 0.8166666666666667 0.053749999999999964 0.09047916666666657
0 0.5472812499999999 0.9389791666666666 0.06617187500000003 0.10297916666666657
0 0.48721875 0.9514791666666667 0.03978125000000006 0.09227083333333326
0 0.516703125 0.8622083333333334 0.08087499999999999 0.08035416666666677
0 0.43453125000000004 0.4669583333333333 0.09512499999999999 0.17083333333333334
0 0.5524218750000001 0.2827291666666667 0.08090624999999996 0.10595833333333336
0 0.30234375 0.1261875 0.06287500000000001 0.09047916666666665
0 0.29965625 0.32560416666666664 0.057515625 0.12022916666666665
0 0.36262500000000003 0.35625 0.067390625 0.11606249999999996
0 0.29876562500000003 0.43035416666666665 0.07359375000000004 0.06785416666666665
0 0.10406249999999999 0.5172708333333333 0.091328125 0.09881250000000001
0 0.20231249999999998 0.6002916666666667 0.13068749999999998 0.08035416666666677
0 0.120359375 0.19970833333333332 0.051593750000000015 0.10060416666666665
0 0.657140625 0.09227083333333333 0.03587500000000006 0.08214583333333332
0 0.68984375 0.03125 0.0546875 0.0625
0 0.6421718750000001 0.025 0.03720312499999991 0.05
0 0.56796875 0.04479166666666667 0.0734375 0.08958333333333333