0 0.430734375 0.9267916666666667 0.056265624999999986 0.13214583333333324
0 0.622765625 0.7809583333333333 0.08318750000000001 0.04285416666666677
0 0.668984375 0.7118958333333333 0.07293749999999992 0.07143749999999992
0 0.7716875 0.7148749999999999 0.06407812499999999 0.041666666666666664
0 0.9355781249999999 0.6660625 0.07937499999999993 0.06310416666666659
0 0.18645312499999997 0.725 0.09451562499999999 0.07381249999999989
0 0.17640625000000001 0.6297708333333334 0.06101562500000002 0.05
0 0.03515625 0.590625 0.0703125 0.06875
0 0.7252500000000001 0.17977083333333335 0.1319218749999999 0.07856250000000002
0 0.23312499999999997 0.041666666666666664 0.058375000000000024 0.08333333333333333
0 0.058499999999999996 0.07977083333333332 0.0395 0.14047916666666668
0 0.21526562500000002 0.9333333333333333 0.14767187499999998 0.0857083333333333
0 0.5879218749999999 0.5931458333333333 0.04921875 0.06606250000000008