0 0.8980625 0.18006250000000001 0.04004687500000017 0.09702083333333332
0 0.8257187500000001 0.0761875 0.05607812500000007 0.06189583333333333
0 0.713859375 0.1675625 0.06895312499999999 0.060125000000000026
0 0.7194375 0.3779791666666667 0.07565624999999994 0.058333333333333334
0 0.64553125 0.3330416666666667 0.04835937500000007 0.05772916666666662
0 0.9429531250000001 0.46397916666666666 0.07178125000000009 0.05772916666666662
0 0.46399999999999997 0.15208333333333332 0.06476562500000008 0.05297916666666668
0 0.36665624999999996 0.11310416666666666 0.08435937499999997 0.08810416666666668
0 0.300546875 0.13272916666666668 0.041437499999999974 0.11547916666666665
0 0.303234375 0.0324375 0.04679687499999998 0.0636875
0 0.26103125 0.21458333333333332 0.074015625 0.04702083333333332
0 0.29698437499999997 0.2875 0.070015625 0.04404166666666664
0 0.18912500000000002 0.22768750000000001 0.06414062499999998 0.04939583333333335
0 0.09312500000000001 0.26785416666666667 0.059625000000000004 0.06429166666666669
0 0.0239375 0.3785625 0.047875 0.04762500000000003
0 0.65759375 0.9053541666666667 0.06356249999999992 0.041666666666666664
0 0.6408437499999999 0.9404791666666666 0.04345312499999991 0.028562500000000077
0 0.749140625 0.975 0.05915625000000002 0.05
0 0.17953125 0.877375 0.058328124999999974 0.045229166666666744
0 0.09310937500000001 0.9654791666666667 0.041749999999999995 0.054770833333333255
0 0.12890625 0.9625 0.0390625 0.075
0 0.21392187499999998 0.9464375 0.04675000000000003 0.06429166666666669
0 0.27778125 0.8714375000000001 0.04053125 0.05714583333333323
0 0.546171875 0.4985208333333333 0.05053125000000005 0.10297916666666668
0 0.90253125 0.8821458333333333 0.031109375000000127 0.1261875000000001