0 0.037171875 0.09964583333333334 0.069609375 0.027083333333333334
0 0.04359375 0.1371666666666667 0.078984375 0.03729166666666668
0 0.115625 0.09085416666666667 0.10431249999999999 0.037270833333333336
0 0.20364062500000002 0.1054375 0.10323437499999999 0.067375
0 0.25328125 0.034354166666666665 0.040031250000000004 0.06870833333333333
0 0.41593749999999996 0.044083333333333335 0.08129687499999996 0.04927083333333333
0 0.49265625 0.4252291666666667 0.05003124999999997 0.13193749999999996
0 0.36090625 0.6917500000000001 0.06082812500000001 0.20666666666666675
0 0.068234375 0.60375 0.09356249999999999 0.06766666666666671
0 0.06789062500000001 0.7915416666666667 0.07203124999999999 0.0590000000000001
0 0.09115625000000001 0.8691041666666667 0.083828125 0.052083333333333336
0 0.463671875 0.966125 0.03025000000000002 0.06558333333333337
0 0.49595312500000005 0.6327083333333333 0.032312499999999925 0.12095833333333346
0 0.55115625 0.7318125 0.09409375000000005 0.13397916666666657
0 0.565734375 0.8623958333333334 0.06770312500000006 0.04329166666666661
0 0.67475 0.960875 0.035734375000000006 0.07824999999999989
0 0.821078125 0.7623541666666667 0.06796875 0.08397916666666679
0 0.8464218750000001 0.8732916666666667 0.042281249999999916 0.12527083333333333
0 0.5351874999999999 0.9198125 0.08993749999999992 0.047020833333333435
0 0.695578125 0.679 0.035734375000000006 0.08393749999999993
0 0.74296875 0.6896666666666668 0.029812500000000065 0.11450000000000007
0 0.690015625 0.5004791666666666 0.03849999999999998 0.11114583333333332
0 0.733078125 0.5715625000000001 0.027390624999999957 0.1097916666666667
0 0.76153125 0.5525833333333333 0.01765624999999993 0.11812500000000004
0 0.83321875 0.35181250000000003 0.05756249999999987 0.0823333333333333
0 0.910296875 0.407625 0.0700312499999999 0.07820833333333338
0 0.6941875 0.30064583333333333 0.08849999999999998 0.07720833333333334
0 0.605484375 0.2513125 0.04375 0.06097916666666666
0 0.3270625 0.02325 0.05910937499999998 0.046479166666666655
0 0.047093750000000004 0.5076458333333334 0.09418750000000001 0.05604166666666668
0 0.70546875 0.07672916666666667 0.07981250000000006 0.050687499999999996
0 0.8042343750000001 0.013041666666666667 0.03778125000000001 0.026083333333333333
0 0.886515625 0.11402083333333332 0.02871875000000017 0.12062499999999998
0 0.81153125 0.13254166666666664 0.04540624999999991 0.04654166666666666