0 0.9040625 0.24785416666666665 0.042984374999999984 0.11979166666666667
0 0.5062031250000001 0.19922916666666665 0.06668749999999993 0.0688125
0 0.14009375 0.16635416666666666 0.087953125 0.1234375
0 0.049828125 0.19574999999999998 0.087984375 0.07577083333333334
0 0.226546875 0.3847083333333333 0.07335937499999998 0.08329166666666671
0 0.148078125 0.4286875 0.06920312499999999 0.05089583333333335
0 0.11196874999999999 0.517375 0.05254687499999999 0.08475000000000002
0 0.0796875 0.7723125 0.07824999999999999 0.07147916666666679
0 0.47095312500000003 0.639875 0.11773437500000003 0.084375
0 0.560875 0.8174791666666666 0.12395312500000007 0.09235416666666675
0 0.7712656250000001 0.8734999999999999 0.07253125000000002 0.08404166666666674
0 0.834109375 0.8133125 0.06626562500000013 0.09327083333333329
0 0.786546875 0.5326666666666667 0.07529687500000008 0.12460416666666672
0 0.70565625 0.5752708333333333 0.04546875000000004 0.15424999999999997
0 0.6780468749999999 0.4233541666666667 0.07012499999999999 0.05414583333333335
0 0.5718125 0.4078541666666667 0.07985937500000002 0.05552083333333328
0 0.505671875 0.31779166666666664 0.03440624999999997 0.10222916666666665
0 0.46296875000000004 0.3187083333333333 0.03926562499999999 0.08556249999999999
0 0.512625 0.42452083333333335 0.0066250000000000146 0.014770833333333282