0 0.100265625 0.36814583333333334 0.10964062499999998 0.09227083333333337
0 0.206765625 0.4705416666666667 0.06817187499999999 0.058937500000000045
0 0.3590625 0.5485208333333333 0.07809375000000003 0.060125000000000026
0 0.36284375 0.446125 0.06335937500000002 0.06964583333333335
0 0.39300000000000007 0.3080416666666667 0.09240625000000002 0.10297916666666668
0 0.51134375 0.2118958333333333 0.07015624999999996 0.07143749999999999
0 0.5801093749999999 0.28125 0.06484375 0.06131250000000001
0 0.50709375 0.3556458333333333 0.03934374999999992 0.07916666666666666
0 0.42179687499999996 0.4053541666666666 0.056265624999999986 0.041666666666666664
0 0.45059375 0.5261875 0.05582812500000003 0.10477083333333331
0 0.56984375 0.5282708333333334 0.14254687500000002 0.04345833333333336
0 0.5501875 0.575 0.08537499999999998 0.03570833333333331
0 0.46109375 0.6574375 0.04556249999999995 0.0756041666666666
0 0.43029687499999997 0.76875 0.13574999999999998 0.07202083333333344
0 0.43965624999999997 0.8738125 0.056265624999999986 0.0857083333333333
0 0.51915625 0.975 0.07240625000000005 0.05
0 0.67009375 0.7425625 0.05284375000000008 0.1386875000000001
0 0.77615625 0.8223125 0.03728125000000002 0.08393749999999993
0 0.73975 0.8922708333333333 0.04932812500000008 0.08689583333333341
0 0.814328125 0.8452291666666666 0.028828125000000072 0.1
0 0.8252656249999999 0.93125 0.028390625000000114 0.0756041666666666
0 0.809421875 0.6800625 0.06365625000000001 0.04939583333333341
0 0.84871875 0.7416666666666667 0.035093750000000055 0.08333333333333333
0 0.820359375 0.6389791666666667 0.04535937499999996 0.05060416666666659
0 0.63728125 0.4857083333333333 0.10775000000000005 0.04762500000000003
0 0.536359375 0.42083333333333334 0.12018749999999993 0.048812500000000016
0 0.653125 0.44375 0.07248437499999998 0.04106249999999996
0 0.7556093749999999 0.45416666666666666 0.04978125000000002 0.06785416666666665
0 0.885125 0.428875 0.07665624999999991 0.07083333333333333
0 0.9409375000000001 0.36220833333333335 0.054359374999999946 0.08035416666666666
0 0.963265625 0.20208333333333334 0.06331249999999997 0.12916666666666668
0 0.730390625 0.2 0.09307812500000008 0.16666666666666666
0 0.9724999999999999 0.05 0.05500000000000007 0.05714583333333334