0 0.20365625 0.06160416666666667 0.08871875000000003 0.0625
0 0.137109375 0.128875 0.125296875 0.06606250000000001
0 0.10495312500000001 0.235125 0.043109375000000005 0.058333333333333334
0 0.092453125 0.3294583333333333 0.08953124999999998 0.07439583333333329
0 0.08396875 0.4267916666666667 0.06362499999999999 0.08452083333333332
0 0.19248437499999999 0.7377916666666666 0.03959374999999998 0.08154166666666664
0 0.24271875 0.7452291666666666 0.04631249999999998 0.09047916666666657
0 0.154984375 0.8398749999999999 0.10743749999999999 0.053562500000000075
0 0.057625 0.9178541666666666 0.09129687499999999 0.10237499999999997
0 0.29095312500000003 0.28362499999999996 0.05350000000000001 0.1375
0 0.40214062500000003 0.3967291666666667 0.052671875000000014 0.1732083333333333
0 0.43453125000000004 0.19731249999999997 0.05939062499999999 0.07202083333333333
0 0.46085937499999996 0.3863125 0.03171874999999993 0.09881250000000001
0 0.481640625 0.4360208333333333 0.03307812499999994 0.13272916666666662
0 0.65625 0.28929166666666667 0.06981249999999992 0.13095833333333337
0 0.67009375 0.04791666666666667 0.08857812500000009 0.09464583333333335
0 0.8444687500000001 0.07679166666666666 0.040015624999999846 0.14643749999999997
0 0.8985156249999999 0.10297916666666668 0.049875000000000114 0.175
0 0.8596718750000001 0.26785416666666667 0.10610937500000013 0.06429166666666669
0 0.741765625 0.27410416666666665 0.031015625000000036 0.07083333333333333
0 0.8891249999999999 0.31964583333333335 0.022171875000000084 0.08452083333333332
0 0.9195 0.3868958333333333 0.029343749999999957 0.11189583333333329
0 0.8871249999999999 0.5059583333333334 0.04048437500000013 0.18333333333333332
0 0.85609375 0.5309583333333333 0.06323437500000004 0.042854166666666714
0 0.7361875 0.5184583333333334 0.06003124999999994 0.14881250000000007
0 0.78284375 0.5068541666666666 0.041750000000000044 0.07202083333333333
0 0.8522968750000001 0.7050625 0.11370312499999997 0.12320833333333331
0 0.70003125 0.7050625 0.13949999999999996 0.0756041666666666
0 0.56403125 0.7226250000000001 0.08626562500000005 0.06904166666666664
0 0.660484375 0.9690416666666667 0.04703125000000004 0.06189583333333341
0 0.590375 0.8892916666666667 0.058609374999999984 0.09285416666666677
0 0.523390625 0.9410624999999999 0.08535937499999999 0.0892916666666667
0 0.33582812500000003 0.8342291666666667 0.08523437500000001 0.10772916666666674
0 0.40571875 0.6526875000000001 0.07768750000000005 0.11368750000000011