0 0.038234375 0.11279166666666667 0.07646875 0.06964583333333335
0 0.23535937499999998 0.1589375 0.07176562500000001 0.07262499999999998
0 0.294078125 0.09404166666666666 0.05081249999999997 0.07381250000000002
0 0.25009375 0.5645833333333333 0.07445312499999997 0.056541666666666636
0 0.083734375 0.9764791666666667 0.04978125000000001 0.047020833333333435
0 0.153859375 0.9645833333333333 0.05607812499999998 0.07083333333333333
0 0.29876562500000003 0.9065416666666667 0.09145312500000005 0.04404166666666664
0 0.24518749999999997 0.9410624999999999 0.09142187499999999 0.041666666666666664
0 0.226203125 0.8428541666666667 0.07578125 0.09522916666666674
0 0.337609375 0.6895833333333333 0.035218750000000035 0.09227083333333326
0 0.590828125 0.7541666666666667 0.10415624999999995 0.07262500000000002
0 0.517578125 0.6571458333333333 0.046937499999999945 0.10477083333333326
0 0.5899375 0.6747083333333334 0.06664062499999997 0.05060416666666659
0 0.671203125 0.6955416666666667 0.05060937499999998 0.15179166666666669
0 0.63928125 0.5633958333333333 0.053718749999999996 0.1017916666666667
0 0.5780937500000001 0.5256041666666667 0.04742187500000004 0.11547916666666667
0 0.6129374999999999 0.4297708333333333 0.06353124999999996 0.05477083333333337
0 0.44546875 0.3732083333333333 0.07681249999999995 0.08214583333333335
0 0.508875 0.41041666666666665 0.07864062500000006 0.04583333333333333
0 0.638171875 0.28154166666666663 0.10954687500000002 0.05595833333333336
0 0.6404062500000001 0.2214375 0.08721875000000008 0.04285416666666665
0 0.613609375 0.15714583333333335 0.12292187499999993 0.05714583333333335
0 0.813890625 0.0848125 0.09045312500000006 0.07320833333333333
0 0.8239375000000001 0.7199375 0.05249999999999995 0.09345833333333337
0 0.895171875 0.7636875 0.07442187500000016 0.04404166666666664
0 0.951875 0.75625 0.05392187499999999 0.13035416666666677