0 0.015984375000000002 0.2353333333333333 0.030703124999999998 0.04845833333333331
0 0.0314375 0.34741666666666665 0.030359375 0.10595833333333336
0 0.086109375 0.36964583333333334 0.04596874999999999 0.0578125
0 0.11284374999999999 0.3154583333333333 0.03693749999999999 0.06981249999999999
0 0.15623437499999998 0.6472708333333334 0.06121875000000001 0.08066666666666672
0 0.09634374999999999 0.7091041666666666 0.08379687499999999 0.06079166666666656
0 0.238 0.0491875 0.04765625 0.08354166666666665
0 0.356734375 0.14735416666666667 0.035140625000000016 0.09472916666666667
0 0.3912812499999999 0.16958333333333334 0.038249999999999985 0.10214583333333334
0 0.6777031250000001 0.5030208333333334 0.09024999999999998 0.06529166666666668
0 0.70096875 0.6252916666666667 0.08817187499999993 0.08760416666666657
0 0.48067187499999997 0.7155833333333333 0.13717187499999994 0.07377083333333327
0 0.515921875 0.784125 0.08612500000000001 0.044166666666666764
0 0.27965625 0.9494583333333334 0.061531249999999996 0.05075000000000003
0 0.514 0.8366875 0.12050000000000001 0.06133333333333345
0 0.3386875 0.9186458333333333 0.05457812500000001 0.04935416666666678
0 0.37946875 0.9721458333333334 0.08407812499999996 0.04983333333333325
0 0.5114062500000001 0.955 0.08404687499999994 0.043354166666666555
0 0.966203125 0.6012083333333333 0.06310937500000016 0.07647916666666674
0 0.9307968750000001 0.6512083333333333 0.047828124999999846 0.08391666666666661
0 0.822828125 0.33075 0.06106249999999998 0.09112500000000003
0 0.65028125 0.03158333333333333 0.05623437500000002 0.06316666666666666
0 0.55184375 0.42220833333333335 0.189234375 0.08608333333333332