0 0.855421875 0.7702291666666666 0.11101562499999992 0.045229166666666744
0 0.898953125 0.7154791666666667 0.059687500000000074 0.054770833333333255
0 0.39612499999999995 0.7029791666666667 0.07187499999999995 0.06547916666666656
0 0.39254687499999996 0.6184583333333333 0.04685937499999997 0.0392916666666667
0 0.4050625 0.8964375 0.08973437499999996 0.05952083333333344
0 0.66271875 0.903875 0.046140624999999956 0.13987499999999997
0 0.260578125 0.572625 0.06418749999999998 0.054770833333333255
0 0.016796875 0.7758958333333333 0.03357812499999999 0.08631249999999989
0 0.27240625 0.07916666666666666 0.029812499999999974 0.07977083333333332
0 0.032609375 0.16875 0.04126562500000001 0.0625
0 0.453125 0.027083333333333334 0.05 0.05416666666666667