0 0.032328125 0.13277083333333334 0.06465625 0.07943750000000002
0 0.18071874999999998 0.25895833333333335 0.03726562499999999 0.06793749999999997
0 0.16318749999999999 0.15662500000000001 0.06121875000000001 0.07620833333333331
0 0.20571875 0.04108333333333333 0.04559375000000001 0.08122916666666669
0 0.25970312500000003 0.0899375 0.04870312500000003 0.09097916666666665
0 0.32028124999999996 0.10568749999999999 0.05250000000000003 0.19658333333333333
0 0.257265625 0.31152083333333336 0.10354687499999997 0.08510416666666672
0 0.113015625 0.5521041666666666 0.061578125 0.05235416666666666
0 0.1466875 0.6206458333333333 0.03865625000000002 0.09685416666666669
0 0.031953125000000006 0.8616875 0.062640625 0.07431249999999992
0 0.118921875 0.9059375000000001 0.038671875 0.13037500000000007
0 0.14721875 0.9184375 0.029281250000000016 0.12760416666666666
0 0.174125 0.7160624999999999 0.044906250000000016 0.10247916666666654
0 0.23921874999999998 0.64125 0.08134375 0.0778958333333333
0 0.32010937500000003 0.6048958333333334 0.04173437499999997 0.06535416666666667
0 0.28314062500000003 0.5321874999999999 0.04070312500000002 0.07735416666666665
0 0.228625 0.4539375 0.04974999999999996 0.0782291666666667
0 0.170296875 0.4666666666666667 0.05809375000000001 0.08981250000000003
0 0.3175 0.6996041666666667 0.033062500000000036 0.06495833333333323
0 0.253625 0.7533333333333334 0.06362500000000004 0.07610416666666661
0 0.28921874999999997 0.8559166666666667 0.04243750000000004 0.10441666666666667
0 0.31056249999999996 0.8019583333333333 0.060843749999999995 0.13450000000000012
0 0.408640625 0.6549166666666667 0.07296875000000003 0.0728125000000001
0 0.49959375 0.6188125 0.06043749999999992 0.13020833333333334
0 0.51453125 0.9036041666666667 0.06946875000000005 0.06091666666666669
0 0.5882968749999999 0.8519791666666666 0.07465624999999995 0.08264583333333325
0 0.630140625 0.24714583333333331 0.057624999999999996 0.05818750000000002
0 0.596296875 0.2955416666666667 0.055906249999999956 0.039229166666666634
0 0.59646875 0.3566875 0.03889062499999998 0.06891666666666664
0 0.89 0.6563125 0.060000000000000143 0.06631250000000008
0 0.8861874999999999 0.7850625 0.03707812500000003 0.12012499999999994
0 0.952328125 0.8887916666666666 0.06310937500000016 0.06831249999999993
0 0.8464375000000001 0.7850625 0.03882812499999986 0.08306250000000001
0 0.78203125 0.9170416666666666 0.04543749999999998 0.0785208333333332
0 0.7292500000000001 0.14643750000000003 0.10099999999999998 0.08175000000000002
0 0.715375 0.08645833333333333 0.12045312500000005 0.060875
0 0.5372656250000001 0.06954166666666667 0.06285937500000002 0.05020833333333334
0 0.5896874999999999 0.07835416666666667 0.10520312500000006 0.04004166666666666
0 0.277578125 0.9517708333333333 0.04348437499999998 0.08316666666666658
0 0.48657812500000003 0.9770833333333333 0.03093749999999993 0.04583333333333333