0 0.086234375 0.5412083333333333 0.05931250000000001 0.13089583333333335
0 0.04878125 0.7379791666666667 0.033484375000000004 0.06964583333333323
0 0.0233125 0.8097291666666667 0.046625 0.053708333333333275
0 0.01640625 0.975 0.0328125 0.05
0 0.11125 0.9188124999999999 0.029421875000000007 0.028520833333333447
0 0.142890625 0.9534166666666667 0.039203125000000005 0.043208333333333356
0 0.20018750000000002 0.9771249999999999 0.05309375000000001 0.03608333333333344
0 0.259984375 0.9641249999999999 0.05942187499999996 0.03524999999999991
0 0.31648437500000004 0.969375 0.024531249999999984 0.05831250000000002
0 0.24093749999999997 0.8418125 0.02446875000000004 0.054958333333333324
0 0.250390625 0.8789583333333333 0.043359375 0.05789583333333326
0 0.32229687500000004 0.8827291666666667 0.03303124999999998 0.023499999999999945
0 0.31915625 0.90875 0.05190625000000004 0.041958333333333306
0 0.37140625 0.8646875 0.05571874999999995 0.029375000000000047
0 0.42601562499999995 0.8751666666666666 0.04221874999999997 0.041958333333333306
0 0.45276562499999995 0.8206458333333334 0.026500000000000058 0.08391666666666661
0 0.46584375 0.7585416666666667 0.043187499999999976 0.043625000000000115
0 0.47717187499999997 0.7969375 0.02809375000000003 0.040687499999999946
0 0.5106875 0.8254583333333334 0.041640624999999966 0.030625000000000093
0 0.55396875 0.8357291666666666 0.05584375000000001 0.030208333333333334
0 0.27949999999999997 0.62575 0.06070312500000004 0.05077083333333334
0 0.21717187500000001 0.5877916666666666 0.036734374999999986 0.06293750000000008
0 0.2779375 0.5493541666666667 0.04584374999999996 0.04052083333333337
0 0.32403125 0.5257916666666667 0.03562500000000002 0.04185416666666667
0 0.328984375 0.4656458333333333 0.025703124999999983 0.0669583333333333
0 0.22421875 0.41785416666666664 0.047453125000000006 0.04624999999999998
0 0.3675 0.48414583333333333 0.03332812499999997 0.06872916666666669
0 0.41029687499999995 0.5299791666666667 0.042953125000000016 0.07224999999999995
0 0.479875 0.6282083333333334 0.04662500000000005 0.08370833333333323
0 0.536390625 0.5947291666666668 0.04996875000000003 0.04845833333333331
0 0.5299375000000001 0.6577291666666666 0.031124999999999937 0.08106249999999994
0 0.58415625 0.5830625 0.03381249999999998 0.05066666666666677
0 0.616375 0.6674166666666667 0.035484375000000054 0.0828125
0 0.325359375 0.3563958333333333 0.03826562500000001 0.05549999999999997
0 0.274625 0.2821666666666667 0.03921875000000004 0.05241666666666669
0 0.27628125 0.21387499999999998 0.08879687499999997 0.04802083333333336
0 0.29693749999999997 0.1486875 0.03428125 0.05858333333333334
0 0.23331249999999998 0.07533333333333332 0.05571874999999995 0.03964583333333334
0 0.148046875 0.0301875 0.070203125 0.041854166666666665
0 0.280078125 0.059041666666666666 0.04682812500000004 0.06872916666666667
0 0.3513125 0.05770833333333334 0.08687500000000004 0.039645833333333345
0 0.348328125 0.09252083333333333 0.06107812500000005 0.029958333333333323
0 0.40006250000000004 0.018500000000000003 0.06871875000000002 0.037000000000000005
0 0.42567187500000003 0.19118749999999998 0.030734374999999935 0.0863541666666667
0 0.514578125 0.15220833333333333 0.043343750000000014 0.06564583333333333
0 0.537546875 0.187 0.026500000000000058 0.055958333333333304
0 0.487796875 0.24825 0.022843750000000006 0.06387500000000003
0 0.46864062500000003 0.2916458333333333 0.03735937499999995 0.058145833333333355
0 0.5115937500000001 0.26675 0.017562500000000016 0.06564583333333332
0 0.5349062499999999 0.2674166666666667 0.021218750000000064 0.05375000000000003
0 0.51953125 0.3077083333333333 0.020218750000000084 0.05066666666666665
0 0.46434375 0.4271041666666667 0.048609375000000024 0.05154166666666669
0 0.56596875 0.48481250000000004 0.056937500000000085 0.052416666666666716
0 0.626625 0.46125 0.04937500000000004 0.03612499999999995
0 0.6700781250000001 0.47579166666666667 0.04707812499999999 0.05639583333333332
0 0.6099375 0.5559583333333333 0.04571874999999999 0.04052083333333343
0 0.723671875 0.8645625 0.045218750000000085 0.049791666666666616
0 0.672109375 0.9691875 0.03460937499999996 0.051979166666666764
0 0.71328125 0.9895833333333334 0.0265625 0.020833333333333332
0 0.8438125 0.8843958333333333 0.02446875000000013 0.0806250000000001
0 0.799515625 0.8984791666666666 0.02840624999999992 0.03833333333333329
0 0.8025 0.8088333333333334 0.04096875000000004 0.04845833333333331
0 0.94940625 0.9568541666666667 0.053953124999999956 0.0449375000000001
0 0.94709375 0.7749166666666666 0.029500000000000172 0.042291666666666575
0 0.985171875 0.7775625 0.02965625000000003 0.06520833333333324
0 0.86446875 0.6198333333333333 0.04928124999999994 0.10220833333333322
0 0.804640625 0.6511250000000001 0.04196874999999993 0.10308333333333337
0 0.776875 0.4969375 0.03929687499999997 0.05904166666666662
0 0.734734375 0.48152083333333334 0.031015625000000036 0.054625000000000055
0 0.77953125 0.5449583333333333 0.044593749999999946 0.05814583333333333
0 0.690125 0.3301875 0.027671875000000058 0.06474999999999996
0 0.698375 0.38106249999999997 0.024375000000000036 0.04758333333333328
0 0.6451718750000001 0.21410416666666665 0.04351562500000004 0.09252083333333333
0 0.64653125 0.06539583333333333 0.03484374999999993 0.04385416666666666
0 0.6869375 0.04210416666666667 0.048093749999999956 0.04033333333333333
0 0.739390625 0.021937499999999995 0.04431250000000002 0.043083333333333335
0 0.7907968750000001 0.0454375 0.012015625000000085 0.09008333333333333
0 0.814453125 0.04972916666666668 0.021140624999999958 0.0751875
0 0.771859375 0.11004166666666666 0.024062499999999966 0.05483333333333335
0 0.808578125 0.13433333333333333 0.03289062499999993 0.08772916666666665
0 0.8961406249999999 0.0661875 0.03178124999999987 0.04543749999999999
0 0.8854218749999999 0.12179166666666667 0.025015624999999986 0.07833333333333335
0 0.90703125 0.014583333333333334 0.0359375 0.029166666666666667
0 0.9239218749999999 0.2044375 0.07264062500000001 0.08852083333333335
0 0.986390625 0.25554166666666667 0.027218750000000114 0.052083333333333336
0 0.871609375 0.22870833333333335 0.038515625000000143 0.049354166666666664
0 0.8572031250000001 0.2577083333333333 0.02734375 0.044645833333333315
0 0.893359375 0.2952916666666667 0.03500000000000014 0.04152083333333335
0 0.8676406249999999 0.319375 0.027640625000000085 0.03093750000000005
0 0.9295 0.35325 0.042671874999999915 0.03210416666666672
0 0.834875 0.29804166666666665 0.017921875000000042 0.03916666666666669
0 0.8100468749999999 0.2970625 0.025265625000000024 0.10064583333333334
0 0.70575 0.2197083333333333 0.03870312499999997 0.05483333333333332
0 0.782 0.206 0.07665624999999991 0.03525000000000003
0 0.7564375 0.251625 0.04314062500000002 0.028583333333333332
0 0.79315625 0.25535416666666666 0.019078125000000057 0.058749999999999976
0 0.18096874999999998 0.8258541666666667 0.04681249999999999 0.040250000000000105
0 0.209015625 0.6452083333333333 0.028390625000000023 0.050187500000000065