0 0.6153906250000001 0.9068541666666667 0.05504687500000003 0.0625
0 0.6944375 0.8699375 0.07921875000000007 0.08393749999999993
0 0.781515625 0.8416666666666667 0.08373437500000006 0.06904166666666664
0 0.8802031250000001 0.9101250000000001 0.04003124999999983 0.16070833333333331
0 0.91525 0.9181458333333333 0.034250000000000114 0.12083333333333333
0 0.9585781250000001 0.6904791666666666 0.05839062499999983 0.1238124999999999
0 0.909453125 0.5309583333333333 0.0672968749999999 0.13810416666666664
0 0.972640625 0.3868958333333333 0.03742187500000007 0.11189583333333329
0 0.990359375 0.16875 0.01928124999999987 0.08631250000000001
0 0.8390625 0.028125 0.071875 0.05625
0 0.730375 0.09166666666666666 0.039484374999999974 0.06904166666666667
0 0.683484375 0.1988125 0.05465625000000003 0.14047916666666668
0 0.721 0.035124999999999997 0.04751562499999995 0.06310416666666666
0 0.6703125 0.12352083333333333 0.06310937499999998 0.10535416666666668
0 0.5973124999999999 0.14522916666666666 0.09476562499999996 0.05714583333333335
0 0.54103125 0.22054166666666666 0.05365625000000005 0.03512499999999997
0 0.47717187499999997 0.20060416666666667 0.09559374999999992 0.060708333333333364
0 0.61159375 0.33214583333333336 0.10549999999999997 0.16904166666666665
0 0.569390625 0.5077291666666667 0.06126562500000006 0.15118749999999997
0 0.48231250000000003 0.7607083333333333 0.074609375 0.07381249999999989
0 0.30525 0.4669583333333333 0.08207812499999996 0.21845833333333337
0 0.136890625 0.5565416666666666 0.07571875000000002 0.08214583333333329
0 0.066765625 0.477375 0.0515625 0.07856249999999995
0 0.037734375 0.6368958333333333 0.038140625 0.0881041666666666
0 0.099609375 0.8306458333333333 0.12170312499999998 0.05297916666666656
0 0.08709375 0.8910625 0.10382812500000001 0.0511875000000001
0 0.01590625 0.8607083333333333 0.031796875 0.05952083333333344
0 0.18021875 0.23214583333333336 0.13559375 0.06429166666666669
0 0.04467187499999999 0.18095833333333333 0.05646875 0.05714583333333335
0 0.0203125 0.13125 0.040625 0.05416666666666667
0 0.11968749999999999 0.10445833333333333 0.045796875 0.19583333333333333
0 0.16725 0.11666666666666667 0.04715625000000001 0.14285416666666664