0 0.490796875 0.11220833333333333 0.08265624999999996 0.056541666666666685
0 0.475390625 0.06397916666666667 0.07415625000000006 0.043458333333333335
0 0.42201562499999995 0.175 0.052234374999999965 0.04522916666666668
0 0.392765625 0.21131250000000001 0.04284374999999998 0.03452083333333332
0 0.395 0.25477083333333334 0.03837499999999996 0.03810416666666665
0 0.367765625 0.07083333333333333 0.08928124999999998 0.072625
0 0.75159375 0.23570833333333333 0.06853125000000002 0.1190416666666667
0 0.8208125000000001 0.17410416666666664 0.09090625000000001 0.15654166666666663
0 0.9096718750000001 0.2738125 0.04540624999999991 0.12381250000000002
0 0.9020781250000001 0.5238125 0.03915624999999991 0.1
0 0.978390625 0.5952291666666666 0.043218750000000125 0.0857083333333333
0 0.8114375 0.7294583333333333 0.06321875000000006 0.0886875000000001
0 0.7565000000000001 0.7401875 0.03728125000000002 0.08631249999999989
0 0.8210468750000001 0.958625 0.10474999999999994 0.08272916666666674
0 0.6464218749999999 0.9455416666666667 0.08587500000000006 0.056541666666666636
0 0.576546875 0.8080416666666667 0.11128125000000004 0.07916666666666666
0 0.652234375 0.6410625 0.05284375000000008 0.0607083333333333
0 0.74265625 0.6547708333333334 0.05065624999999994 0.05237499999999997
0 0.6035468749999999 0.5785625 0.03582812499999992 0.09047916666666662
0 0.566265625 0.564875 0.04607812500000001 0.075
0 0.613375 0.4732083333333333 0.05549999999999997 0.06785416666666665
0 0.398578125 0.6175625 0.06339062499999999 0.07916666666666666
0 0.33784375 0.6452291666666666 0.04906249999999997 0.05714583333333323
0 0.307703125 0.7199375 0.055734375000000023 0.06964583333333323
0 0.286265625 0.9131041666666667 0.06643749999999997 0.06904166666666664
0 0.19896875 0.8398749999999999 0.08737500000000002 0.09166666666666666
0 0.16121875000000002 0.71875 0.04849999999999999 0.11487499999999998
0 0.071015625 0.7577291666666667 0.02879687500000001 0.10356250000000007
0 0.07525 0.6690416666666666 0.023875 0.08095833333333337
0 0.05034375 0.6500833333333333 0.030328124999999994 0.08685416666666654
0 0.02815625 0.7371458333333333 0.02684375 0.06377083333333336
0 0.1370625 0.8640625 0.038249999999999985 0.05831250000000002
0 0.12462500000000001 0.9108333333333333 0.040437499999999994 0.058729166666666784
0 0.165859375 0.9460833333333334 0.04109375000000002 0.0453125
0 0.13721875 0.9748125000000001 0.04045312499999998 0.03145833333333338
0 0.102125 0.9475416666666666 0.030046874999999994 0.03566666666666667
0 0.07584375 0.9425208333333334 0.02467187500000001 0.10950000000000013
0 0.057265625 0.8932083333333334 0.018999999999999996 0.07383333333333345
0 0.04090625 0.9763958333333334 0.024015625000000002 0.04720833333333327
0 0.023312500000000003 0.8902708333333333 0.0390625 0.039437499999999896
0 0.04326562500000001 0.8395208333333334 0.08225 0.040270833333333415
0 0.20079687499999999 0.5242291666666666 0.029156250000000015 0.08685416666666672
0 0.179875 0.5970208333333333 0.040796875000000024 0.08558333333333341
0 0.13659375 0.5437291666666667 0.05178125000000002 0.05454166666666662
0 0.08512499999999999 0.5118541666666666 0.0338125 0.07468750000000005
0 0.1370625 0.4745 0.06846875 0.041958333333333306
0 0.064203125 0.42583333333333334 0.05803125 0.0956666666666667
0 0.256046875 0.47681250000000003 0.0546875 0.05077083333333334
0 0.317578125 0.44283333333333336 0.04245312500000002 0.09187500000000005
0 0.129125 0.3295833333333333 0.036171875000000006 0.05935416666666669
0 0.163203125 0.38197916666666665 0.026890625000000012 0.04541666666666669
0 0.19225000000000003 0.4387708333333334 0.030781250000000003 0.035104166666666714
0 0.148484375 0.2263541666666667 0.07490625 0.08002083333333333
0 0.09523437500000001 0.18737499999999999 0.026468749999999996 0.07949999999999999
0 0.085171875 0.10995833333333334 0.05279687500000001 0.06916666666666665
0 0.15371875 0.06685416666666667 0.027281250000000014 0.06039583333333332
0 0.11382812499999999 0.036125 0.032671874999999996 0.055749999999999994
0 0.19321875 0.07845833333333332 0.044343749999999994 0.1403958333333333