0 0.16328125 0.0625 0.1078125 0.125
0 0.186234375 0.23452083333333332 0.066375 0.1642916666666667
0 0.29696875 0.2050625 0.06645312499999996 0.17083333333333334
0 0.260578125 0.5907708333333334 0.04632812499999996 0.10893749999999992
0 0.183765625 0.4904791666666667 0.05342187499999997 0.08095833333333337
0 0.07146875 0.5764791666666667 0.07434375 0.056541666666666636
0 0.0748125 0.7883958333333333 0.06764062500000001 0.0756041666666666
0 0.204765625 0.8285625 0.050765625000000016 0.06666666666666667
0 0.0114375 0.7517916666666667 0.022859375000000005 0.04404166666666664
0 0.28290625 0.8863125000000001 0.05528124999999999 0.0511875000000001
0 0.42648437499999997 0.7190416666666667 0.061171874999999966 0.06189583333333341
0 0.43496875 0.43512500000000004 0.06921874999999993 0.05356249999999996
0 0.49190625 0.4464375 0.04468750000000003 0.06429166666666669
0 0.5524218750000001 0.38660416666666664 0.08090624999999996 0.06964583333333335
0 0.5550937499999999 0.5011875 0.03267187499999995 0.12618750000000004
0 0.5568906250000001 0.6324375 0.054109374999999994 0.12083333333333333
0 0.515359375 0.7488125 0.06926562500000007 0.07381249999999989
0 0.46935937499999997 0.8425625 0.03976562500000007 0.10060416666666659
0 0.5961875 0.7493958333333333 0.061281250000000044 0.07262500000000002
0 0.780390625 0.8095208333333334 0.05023437499999996 0.14762500000000003
0 0.77503125 0.9333333333333333 0.03951562499999994 0.0857083333333333
0 0.95521875 0.8357083333333333 0.04723437500000003 0.2
0 0.872609375 0.6473125 0.051640624999999926 0.1386875000000001
0 0.97109375 0.5385416666666667 0.0578125 0.15625
0 0.788671875 0.5547708333333333 0.10159374999999997 0.0857083333333333
0 0.72703125 0.6595208333333333 0.08190624999999993 0.03810416666666659
0 0.73640625 0.6964375 0.07387499999999995 0.04047916666666656
0 0.6640625 0.6877916666666667 0.05418749999999992 0.07679166666666669
0 0.700015625 0.25445833333333334 0.05376562499999995 0.09106250000000002
0 0.898296875 0.28929166666666667 0.08960937499999985 0.05952083333333332
0 0.8694843750000001 0.147625 0.054312499999999986 0.10952083333333332