0 0.35681250000000003 0.14881250000000001 0.04684375000000003 0.10714583333333334
0 0.44479687500000004 0.3857083333333333 0.07101562500000007 0.0857083333333333
0 0.3746875 0.41875 0.08257812500000003 0.0625
0 0.332484375 0.5184583333333334 0.05620312499999995 0.07737499999999997
0 0.696453125 0.6357083333333333 0.11449999999999996 0.0857083333333333
0 0.7801718750000001 0.8181458333333332 0.10784375000000006 0.0875
0 0.974734375 0.8758958333333333 0.050531249999999875 0.07202083333333344
0 0.307703125 0.7669583333333333 0.07360937500000002 0.056541666666666636
0 0.18868750000000004 0.6756041666666667 0.10790625000000002 0.11070833333333331
0 0.13509374999999998 0.5631041666666667 0.036421875000000006 0.10714583333333329
0 0.15184375 0.4675625 0.038671875 0.08868749999999999
0 0.160328125 0.35208333333333336 0.06457812500000001 0.09583333333333334
0 0.1801875 0.2595208333333333 0.028421874999999996 0.09522916666666666
0 0.11946874999999998 0.2889791666666667 0.049812499999999996 0.06487499999999997
0 0.03996875 0.2517916666666667 0.05154687500000001 0.06785416666666669
0 0.100484375 0.18214583333333334 0.08775 0.05952083333333332
0 0.163015625 0.0964375 0.06993749999999999 0.1261875
0 0.271078125 0.191375 0.07179687499999998 0.06012499999999997
0 0.01946875 0.13272916666666668 0.0389375 0.11547916666666665
0 0.04020312499999999 0.0261875 0.04753125 0.052375
0 0.74534375 0.19970833333333332 0.07389062499999995 0.07679166666666663
0 0.72859375 0.3175625 0.03592187500000001 0.0982083333333333
0 0.796921875 0.4256041666666667 0.07435937499999996 0.058333333333333334
0 0.9027499999999999 0.4345208333333333 0.04495312499999997 0.06429166666666669
0 0.9304375 0.5800625 0.03962499999999984 0.1827291666666667
0 0.9836562499999999 0.5571458333333333 0.03267187500000013 0.07143749999999999
0 0.69375 0.3220208333333333 0.037687500000000006 0.0892916666666667
0 0.204765625 0.8991041666666667 0.06862500000000002 0.05893749999999993
0 0.114546875 0.858625 0.048921875000000004 0.04939583333333341
0 0.01590625 0.8184583333333334 0.031796875 0.15356250000000007
0 0.11521875 0.7214375000000001 0.044 0.0761875000000001
0 0.14581249999999998 0.8208333333333333 0.039999999999999994 0.06310416666666659
0 0.09221875 0.7669583333333333 0.03996875 0.08035416666666677
0 0.027250000000000003 0.5785625 0.04840625 0.13810416666666664
0 0.021265625 0.44285416666666666 0.042515625 0.10477083333333338
0 0.6211875 0.7452291666666666 0.057734375000000074 0.09047916666666657