0 0.01484375 0.027083333333333334 0.0296875 0.05416666666666667
0 0.031718750000000004 0.277375 0.057343750000000006 0.08333333333333333
0 0.04578125 0.43810416666666663 0.036359375000000006 0.11904166666666664
0 0.0475625 0.53125 0.057796875000000004 0.0375
0 0.10315624999999999 0.4678541666666666 0.039531250000000004 0.10714583333333334
0 0.17796875 0.5565416666666666 0.06860937500000001 0.1297708333333333
0 0.288046875 0.6868958333333333 0.08787500000000001 0.14047916666666657
0 0.29609375 0.9625 0.0515625 0.075
0 0.270640625 0.8964375 0.06551562500000001 0.07381249999999989
0 0.34921875 0.7794583333333333 0.02271875000000003 0.09345833333333337
0 0.388078125 0.7050625 0.05579687500000001 0.051791666666666694
0 0.384515625 0.647625 0.06292187500000002 0.06189583333333341
0 0.44948437500000005 0.6389791666666667 0.04020312500000003 0.07439583333333341
0 0.503078125 0.7833333333333333 0.05809374999999992 0.14285416666666653
0 0.427828125 0.4794583333333333 0.07278125000000002 0.08868749999999999
0 0.27465625 0.3854166666666667 0.07893749999999997 0.09106249999999996
0 0.523390625 0.4589375 0.06748437500000008 0.07262500000000002
0 0.592609375 0.46397916666666666 0.05414062499999996 0.08154166666666664
0 0.35168750000000004 0.20654166666666668 0.03209375000000003 0.07262499999999997
0 0.26170312500000004 0.16964583333333336 0.06195312499999996 0.07022916666666669
0 0.1953125 0.036458333333333336 0.046875 0.07291666666666667
0 0.301890625 0.0925625 0.03518749999999997 0.07679166666666666
0 0.340515625 0.11637499999999999 0.029421874999999976 0.10060416666666665
0 0.381375 0.13689583333333333 0.03703124999999998 0.07856250000000002
0 0.55284375 0.06397916666666667 0.06109375000000004 0.12320833333333334
0 0.64709375 0.0464375 0.04703125000000004 0.07381249999999999
0 0.614265625 0.22320833333333334 0.04834375000000009 0.10595833333333331
0 0.6640625 0.2794583333333333 0.045250000000000054 0.06964583333333335
0 0.6301249999999999 0.316375 0.03093749999999993 0.07202083333333333
0 0.7274843749999998 0.5118958333333333 0.15426562499999993 0.21429166666666663
0 0.7844218749999999 0.7386874999999999 0.05828124999999993 0.16070833333333331
0 0.89359375 0.6845208333333334 0.054343749999999955 0.17856250000000007
0 0.75628125 0.047625 0.11810937499999996 0.07618749999999999
0 0.721671875 0.10952083333333333 0.08012499999999996 0.05714583333333332
0 0.777046875 0.1 0.030140624999999942 0.10952083333333332
0 0.8078593749999999 0.17410416666666664 0.029265625000000028 0.15654166666666663
0 0.966921875 0.05 0.06615624999999987 0.1
0 0.89940625 0.07708333333333334 0.04273437499999986 0.06964583333333335
0 0.891140625 0.12560416666666666 0.048531249999999915 0.053562499999999985
0 0.854078125 0.18125 0.036890624999999844 0.051791666666666694
0 0.89628125 0.21397916666666666 0.04540624999999991 0.057729166666666686
0 0.9758437499999999 0.26666666666666666 0.04829687500000013 0.061895833333333324
0 0.784375 0.9625 0.05625 0.075