0 0.787984375 0.4261875 0.07435937500000005 0.14285416666666664
0 0.959109375 0.7809583333333333 0.08178124999999987 0.06666666666666667
0 0.8498281249999999 0.9556458333333333 0.05073437500000004 0.06487499999999997
0 0.915625 0.9833333333333333 0.040625 0.03333333333333333
0 0.6638437500000001 0.6928541666666667 0.09392187500000002 0.08095833333333337
0 0.590375 0.6743958333333333 0.058609374999999984 0.07977083333333326
0 0.538125 0.6092291666666667 0.05232812500000002 0.11012500000000003
0 0.49279687499999997 0.6514791666666666 0.046484375 0.13512500000000002
0 0.5287499999999999 0.5348124999999999 0.08179687500000003 0.06845833333333336
0 0.432515625 0.7372083333333334 0.09556249999999995 0.04464583333333323
0 0.34587500000000004 0.7032708333333333 0.083 0.060125000000000026
0 0.23535937499999998 0.7654791666666667 0.12535937500000002 0.05952083333333344
0 0.12237499999999998 0.8464375000000001 0.086875 0.054770833333333255
0 0.20587499999999997 0.8711249999999999 0.06639062500000001 0.08631249999999989
0 0.163234375 0.9607083333333333 0.08378125 0.045229166666666744
0 0.043109375 0.8651875 0.066734375 0.07439583333333341
0 0.130625 0.7059583333333334 0.06321875000000002 0.08333333333333333
0 0.1025 0.6193541666666668 0.033718749999999985 0.09464583333333323
0 0.19762500000000002 0.2550625 0.09004687500000001 0.08035416666666666
0 0.101390625 0.172625 0.089546875 0.10237500000000002
0 0.20051562500000003 0.11577083333333334 0.055671874999999996 0.06368750000000002
0 0.30078125 0.0949375 0.07315624999999999 0.05772916666666666
0 0.30856249999999996 0.033625 0.06751562499999997 0.05297916666666667
0 0.360375 0.041375 0.05318750000000003 0.07320833333333333
0 0.43340625 0.127375 0.06162500000000008 0.14047916666666668
0 0.5475156250000001 0.29285416666666664 0.08001562500000006 0.13810416666666672
0 0.7225625 0.07797916666666667 0.09084374999999997 0.10118750000000001
0 0.8301875000000001 0.049104166666666664 0.08287499999999995 0.07320833333333333
0 0.9128125 0.0875 0.07845312500000005 0.09643749999999998
0 0.733953125 0.264875 0.06449999999999996 0.0940416666666667
0 0.642859375 0.2785625 0.10373437499999998 0.0857083333333333
0 0.6638124999999999 0.33125 0.06682812499999997 0.08631250000000001
0 0.615828125 0.4011875 0.04700000000000006 0.11666666666666667
0 0.673875 0.4565416666666666 0.0023906249999999575 0.0011874999999999859