0 0.0790625 0.03095833333333333 0.1341875 0.06189583333333334
0 0.36059375 0.05535416666666667 0.05720312500000002 0.11070833333333334
0 0.1773125 0.2511875 0.13424999999999998 0.10237499999999997
0 0.404390625 0.3452291666666667 0.08393750000000004 0.1
0 0.489453125 0.2863125 0.07104687500000004 0.0892916666666667
0 0.383625 0.8107083333333333 0.08257812499999999 0.07856250000000008
0 0.48231250000000003 0.9514791666666667 0.05675000000000008 0.09227083333333326
0 0.70134375 0.9556458333333333 0.043937500000000004 0.0886875000000001
0 0.7757031249999999 0.9675625 0.06318749999999991 0.06487499999999997
0 0.8426875 0.9065416666666667 0.054296875 0.1868958333333334
0 0.783734375 0.8089375000000001 0.043546875000000006 0.13452083333333345
0 0.8150000000000001 0.7241041666666667 0.05249999999999995 0.06606250000000008
0 0.8502812499999999 0.6666666666666666 0.07842187500000009 0.05237499999999997
0 0.713859375 0.6669583333333333 0.11539062500000004 0.051791666666666694
0 0.644421875 0.6315416666666667 0.13276562500000005 0.0607083333333333
0 0.8657031249999999 0.5485208333333333 0.12264062500000002 0.060125000000000026
0 0.87575 0.4901875 0.10254687500000018 0.0625
0 0.8355625 0.41935416666666664 0.1293125 0.07560416666666671
0 0.914828125 0.09375 0.16732812499999988 0.10297916666666668
0 0.031984374999999995 0.9258958333333334 0.06395312500000001 0.07679166666666669