0 0.553765625 0.05772916666666667 0.07465624999999995 0.060708333333333336
0 0.45239062499999994 0.18689583333333332 0.07726562500000007 0.04522916666666668
0 0.396109375 0.1050625 0.036140624999999996 0.06606249999999998
0 0.33628125 0.042854166666666665 0.04146875000000003 0.06666666666666667
0 0.3703125 0.028125 0.06875 0.05625
0 0.311265625 0.10179166666666667 0.045015625000000004 0.05356250000000002
0 0.356375 0.13689583333333333 0.037015624999999996 0.040479166666666684
0 0.277109375 0.09672916666666669 0.034734375000000026 0.14464583333333333
0 0.2453125 0.04895833333333333 0.028125 0.09791666666666667
0 0.18890625 0.03720833333333333 0.07531249999999998 0.04939583333333333
0 0.1129375 0.014312499999999999 0.05575000000000001 0.028604166666666667
0 0.036625 0.0283125 0.06371875 0.05660416666666667
0 0.08351562500000001 0.14816666666666667 0.04507812499999999 0.10689583333333334
0 0.10118750000000001 0.2376041666666667 0.043000000000000003 0.0697916666666667
0 0.1300625 0.2024375 0.03845312499999998 0.06037499999999998
0 0.20090625 0.235125 0.059687499999999984 0.04818749999999999
0 0.23228125 0.25395833333333334 0.04351562500000004 0.10799999999999997
0 0.230625 0.15258333333333332 0.023562499999999976 0.07145833333333332
0 0.0704375 0.38660416666666664 0.08121874999999998 0.06868750000000005
0 0.008968750000000001 0.3641666666666667 0.017937500000000002 0.0736666666666667
0 0.15853124999999998 0.3874375 0.04137499999999998 0.09804166666666667
0 0.212546875 0.41291666666666665 0.06634374999999999 0.08252083333333336
0 0.22356250000000003 0.4815833333333333 0.067609375 0.08695833333333335
0 0.245796875 0.6375 0.04974999999999996 0.16062500000000005
0 0.354046875 0.6075833333333333 0.062703125 0.18941666666666665
0 0.253484375 0.8781666666666667 0.060968749999999974 0.08252083333333336
0 0.13899999999999998 0.9584583333333333 0.077109375 0.054833333333333435
0 0.31643750000000004 0.9641458333333334 0.04148437500000002 0.07170833333333325
0 0.47995312500000004 0.8285833333333333 0.056968750000000054 0.06645833333333329
0 0.536453125 0.8393958333333333 0.053671875000000036 0.07145833333333323
0 0.6077343749999999 0.7986666666666667 0.08406249999999993 0.05095833333333341
0 0.606265625 0.9116666666666667 0.04707812499999999 0.16616666666666666
0 0.73509375 0.6535624999999999 0.048812500000000016 0.10633333333333325
0 0.908984375 0.5593958333333333 0.046859375000000016 0.10412500000000004
0 0.927484375 0.6881875 0.07970312499999999 0.06812500000000009
0 0.979125 0.895875 0.041750000000000044 0.0736666666666667
0 0.850609375 0.9379791666666667 0.06717187500000002 0.0692291666666667
0 0.787859375 0.9681666666666667 0.06631250000000008 0.057604166666666616
0 0.85640625 0.029354166666666667 0.05415625000000013 0.058708333333333335
0 0.8015625 0.23760416666666667 0.002328125000000014 0.0033333333333333214